<?xml version="1.0" encoding="utf-8"?>
<COLLADA xmlns="http://www.collada.org/2005/11/COLLADASchema" version="1.4.1">
  <asset><contributor><author></author><authoring_tool>FBX COLLADA exporter</authoring_tool><comments></comments></contributor><created>2015-08-13T19:08:29Z</created><keywords></keywords><modified>2015-08-13T19:08:29Z</modified><revision></revision><subject></subject><title></title><unit meter="0.010000" name="centimeter"></unit><up_axis>Y_UP</up_axis></asset>
  <library_materials>
    <material id="lambert1" name="lambert1">
      <instance_effect url="#lambert1-fx"/>
    </material>
  </library_materials>
  <library_effects>
    <effect id="lambert1-fx" name="lambert1">
      <profile_COMMON>
        <technique sid="standard">
          <lambert>
            <emission>
              <color sid="emission">0.000000  0.000000 0.000000 1.000000</color>
            </emission>
            <ambient>
              <color sid="ambient">0.000000  0.000000 0.000000 1.000000</color>
            </ambient>
            <diffuse>
              <color sid="diffuse">0.400000  0.400000 0.400000 1.000000</color>
            </diffuse>
            <transparent opaque="RGB_ZERO">
              <color sid="transparent">0.000000  0.000000 0.000000 1.000000</color>
            </transparent>
            <transparency>
              <float sid="transparency">1.000000</float>
            </transparency>
          </lambert>
        </technique>
      </profile_COMMON>
    </effect>
  </library_effects>
  <library_geometries>
    <geometry id="pCone1-lib" name="pCone1Mesh">
      <mesh>
        <source id="pCone1-POSITION">
          <float_array id="pCone1-POSITION-array" count="63">
2.403470 -2.988883 -0.780935
2.044514 -2.988883 -1.485426
1.485426 -2.988883 -2.044513
0.780935 -2.988883 -2.403470
0.000000 -2.988883 -2.527157
-0.780935 -2.988883 -2.403469
-1.485426 -2.988883 -2.044513
-2.044513 -2.988883 -1.485425
-2.403469 -2.988883 -0.780934
-2.527157 -2.988883 0.000000
-2.403469 -2.988883 0.780934
-2.044513 -2.988883 1.485425
-1.485425 -2.988883 2.044513
-0.780934 -2.988883 2.403469
-0.000000 -2.988883 2.527156
0.780934 -2.988883 2.403469
1.485425 -2.988883 2.044513
2.044512 -2.988883 1.485425
2.403468 -2.988883 0.780934
2.527156 -2.988883 0.000000
0.000000 2.988883 0.000000
</float_array>
          <technique_common>
            <accessor source="#pCone1-POSITION-array" count="21" stride="3">
              <param name="X" type="float"/>
              <param name="Y" type="float"/>
              <param name="Z" type="float"/>
            </accessor>
          </technique_common>
        </source>
        <source id="pCone1-Normal0">
          <float_array id="pCone1-Normal0-array" count="342">
0.000000 -1.000000 -0.000000
0.000000 -1.000000 -0.000000
0.000000 -1.000000 -0.000000
0.000000 -1.000000 -0.000000
0.000000 -1.000000 -0.000000
0.000000 -1.000000 -0.000000
0.000000 -1.000000 -0.000000
0.000000 -1.000000 -0.000000
0.000000 -1.000000 -0.000000
0.000000 -1.000000 -0.000000
0.000000 -1.000000 -0.000000
0.000000 -1.000000 -0.000000
0.000000 -1.000000 -0.000000
0.000000 -1.000000 -0.000000
0.000000 -1.000000 -0.000000
0.000000 -1.000000 -0.000000
0.000000 -1.000000 -0.000000
0.000000 -1.000000 -0.000000
0.000000 -1.000000 -0.000000
0.000000 -1.000000 -0.000000
0.000000 -1.000000 -0.000000
0.000000 -1.000000 -0.000000
0.000000 -1.000000 -0.000000
0.000000 -1.000000 -0.000000
0.000000 -1.000000 -0.000000
0.000000 -1.000000 -0.000000
0.000000 -1.000000 -0.000000
0.000000 -1.000000 -0.000000
0.000000 -1.000000 -0.000000
0.000000 -1.000000 -0.000000
0.000000 -1.000000 -0.000000
0.000000 -1.000000 -0.000000
0.000000 -1.000000 -0.000000
0.000000 -1.000000 -0.000000
0.000000 -1.000000 -0.000000
0.000000 -1.000000 -0.000000
0.000000 -1.000000 -0.000000
0.000000 -1.000000 -0.000000
0.000000 -1.000000 -0.000000
0.000000 -1.000000 -0.000000
0.000000 -1.000000 -0.000000
0.000000 -1.000000 -0.000000
0.000000 -1.000000 -0.000000
0.000000 -1.000000 -0.000000
0.000000 -1.000000 -0.000000
0.000000 -1.000000 -0.000000
0.000000 -1.000000 -0.000000
0.000000 -1.000000 -0.000000
0.000000 -1.000000 -0.000000
0.000000 -1.000000 -0.000000
0.000000 -1.000000 -0.000000
0.000000 -1.000000 -0.000000
0.000000 -1.000000 -0.000000
0.000000 -1.000000 -0.000000
0.875992 0.389392 -0.284626
0.745163 0.389392 -0.541393
-0.000000 1.000000 -0.000001
0.745163 0.389392 -0.541393
0.541392 0.389392 -0.745163
-0.000000 1.000000 -0.000001
0.541392 0.389392 -0.745163
0.284627 0.389392 -0.875992
-0.000000 1.000000 -0.000001
0.284627 0.389392 -0.875992
-0.000000 0.389392 -0.921072
-0.000000 1.000000 -0.000001
-0.000000 0.389392 -0.921072
-0.284627 0.389392 -0.875992
-0.000000 1.000000 -0.000001
-0.284627 0.389392 -0.875992
-0.541393 0.389392 -0.745163
-0.000000 1.000000 -0.000001
-0.541393 0.389392 -0.745163
-0.745163 0.389392 -0.541392
-0.000000 1.000000 -0.000001
-0.745163 0.389392 -0.541392
-0.875992 0.389392 -0.284627
-0.000000 1.000000 -0.000001
-0.875992 0.389392 -0.284627
-0.921072 0.389392 0.000000
-0.000000 1.000000 -0.000001
-0.921072 0.389392 0.000000
-0.875992 0.389392 0.284627
-0.000000 1.000000 -0.000001
-0.875992 0.389392 0.284627
-0.745163 0.389392 0.541393
-0.000000 1.000000 -0.000001
-0.745163 0.389392 0.541393
-0.541393 0.389392 0.745163
-0.000000 1.000000 -0.000001
-0.541393 0.389392 0.745163
-0.284627 0.389392 0.875992
-0.000000 1.000000 -0.000001
-0.284627 0.389392 0.875992
0.000000 0.389392 0.921072
-0.000000 1.000000 -0.000001
0.000000 0.389392 0.921072
0.284627 0.389392 0.875992
-0.000000 1.000000 -0.000001
0.284627 0.389392 0.875992
0.541393 0.389392 0.745163
-0.000000 1.000000 -0.000001
0.541393 0.389392 0.745163
0.745163 0.389392 0.541393
-0.000000 1.000000 -0.000001
0.745163 0.389392 0.541393
0.875992 0.389392 0.284627
-0.000000 1.000000 -0.000001
0.875992 0.389392 0.284627
0.921072 0.389392 0.000001
-0.000000 1.000000 -0.000001
0.921072 0.389392 0.000001
0.875992 0.389392 -0.284626
-0.000000 1.000000 -0.000001
</float_array>
          <technique_common>
            <accessor source="#pCone1-Normal0-array" count="114" stride="3">
              <param name="X" type="float"/>
              <param name="Y" type="float"/>
              <param name="Z" type="float"/>
            </accessor>
          </technique_common>
        </source>
        <source id="pCone1-UV0">
          <float_array id="pCone1-UV0-array" count="84">
0.737764 0.172746
0.702254 0.103054
0.646946 0.047746
0.577254 0.012236
0.500000 -0.000000
0.422746 0.012236
0.353054 0.047746
0.297746 0.103054
0.262236 0.172746
0.250000 0.250000
0.262236 0.327254
0.297746 0.396946
0.353054 0.452254
0.422746 0.487764
0.500000 0.500000
0.577254 0.487764
0.646946 0.452254
0.702254 0.396946
0.737764 0.327254
0.750000 0.250000
0.250000 0.500000
0.275000 0.500000
0.300000 0.500000
0.325000 0.500000
0.350000 0.500000
0.375000 0.500000
0.400000 0.500000
0.425000 0.500000
0.450000 0.500000
0.475000 0.500000
0.500000 0.500000
0.525000 0.500000
0.550000 0.500000
0.575000 0.500000
0.600000 0.500000
0.625000 0.500000
0.650000 0.500000
0.675000 0.500000
0.700000 0.500000
0.725000 0.500000
0.750000 0.500000
0.500000 1.000000
</float_array>
          <technique_common>
            <accessor source="#pCone1-UV0-array" count="42" stride="2">
              <param name="S" type="float"/>
              <param name="T" type="float"/>
            </accessor>
          </technique_common>
        </source>
        <vertices id="pCone1-VERTEX">
          <input semantic="POSITION" source="#pCone1-POSITION"/>
        </vertices>
        <triangles count="38" material="lambert1"><input semantic="VERTEX" offset="0" source="#pCone1-VERTEX"/><input semantic="NORMAL" offset="1" source="#pCone1-Normal0"/><input semantic="TEXCOORD" offset="2" set="0" source="#pCone1-UV0"/><p> 17 0 17 19 1 19 18 2 18 14 3 14 19 4 19 17 5 17 12 6 12 8 7 8 19 8 19 19 9 19 7 10 7 5 11 5 8 12 8 12 13 12 10 14 10 19 15 19 1 16 1 0 17 0 16 18 16 14 19 14 17 20 17 14 21 14 16 22 16 15 23 15 12 24 12 19 25 19 14 26 14 12 27 12 14 28 14 13 29 13 10 30 10 12 31 12 11 32 11 8 33 8 10 34 10 9 35 9 7 36 7 19 37 19 8 38 8 5 39 5 7 40 7 6 41 6 4 42 4 19 43 19 5 44 5 3 45 3 19 46 19 4 47 4 2 48 2 19 49 19 3 50 3 1 51 1 19 52 19 2 53 2 0 54 20 1 55 21 20 56 41 1 57 21 2 58 22 20 59 41 2 60 22 3 61 23 20 62 41 3 63 23 4 64 24 20 65 41 4 66 24 5 67 25 20 68 41 5 69 25 6 70 26 20 71 41 6 72 26 7 73 27 20 74 41 7 75 27 8 76 28 20 77 41 8 78 28 9 79 29 20 80 41 9 81 29 10 82 30 20 83 41 10 84 30 11 85 31 20 86 41 11 87 31 12 88 32 20 89 41 12 90 32 13 91 33 20 92 41 13 93 33 14 94 34 20 95 41 14 96 34 15 97 35 20 98 41 15 99 35 16 100 36 20 101 41 16 102 36 17 103 37 20 104 41 17 105 37 18 106 38 20 107 41 18 108 38 19 109 39 20 110 41 19 111 39 0 112 40 20 113 41</p></triangles>
      </mesh>
    </geometry>
    <geometry id="pCone2-lib" name="pCone2Mesh">
      <mesh>
        <source id="pCone2-POSITION">
          <float_array id="pCone2-POSITION-array" count="63">
2.403470 -2.988883 -0.780935
2.044514 -2.988883 -1.485426
1.485426 -2.988883 -2.044513
0.780935 -2.988883 -2.403470
0.000000 -2.988883 -2.527157
-0.780935 -2.988883 -2.403469
-1.485426 -2.988883 -2.044513
-2.044513 -2.988883 -1.485425
-2.403469 -2.988883 -0.780934
-2.527157 -2.988883 0.000000
-2.403469 -2.988883 0.780934
-2.044513 -2.988883 1.485425
-1.485425 -2.988883 2.044513
-0.780934 -2.988883 2.403469
-0.000000 -2.988883 2.527156
0.780934 -2.988883 2.403469
1.485425 -2.988883 2.044513
2.044512 -2.988883 1.485425
2.403468 -2.988883 0.780934
2.527156 -2.988883 0.000000
0.000000 2.988883 0.000000
</float_array>
          <technique_common>
            <accessor source="#pCone2-POSITION-array" count="21" stride="3">
              <param name="X" type="float"/>
              <param name="Y" type="float"/>
              <param name="Z" type="float"/>
            </accessor>
          </technique_common>
        </source>
        <source id="pCone2-Normal0">
          <float_array id="pCone2-Normal0-array" count="342">
0.000000 -1.000000 -0.000000
0.000000 -1.000000 -0.000000
0.000000 -1.000000 -0.000000
0.000000 -1.000000 -0.000000
0.000000 -1.000000 -0.000000
0.000000 -1.000000 -0.000000
0.000000 -1.000000 -0.000000
0.000000 -1.000000 -0.000000
0.000000 -1.000000 -0.000000
0.000000 -1.000000 -0.000000
0.000000 -1.000000 -0.000000
0.000000 -1.000000 -0.000000
0.000000 -1.000000 -0.000000
0.000000 -1.000000 -0.000000
0.000000 -1.000000 -0.000000
0.000000 -1.000000 -0.000000
0.000000 -1.000000 -0.000000
0.000000 -1.000000 -0.000000
0.000000 -1.000000 -0.000000
0.000000 -1.000000 -0.000000
0.000000 -1.000000 -0.000000
0.000000 -1.000000 -0.000000
0.000000 -1.000000 -0.000000
0.000000 -1.000000 -0.000000
0.000000 -1.000000 -0.000000
0.000000 -1.000000 -0.000000
0.000000 -1.000000 -0.000000
0.000000 -1.000000 -0.000000
0.000000 -1.000000 -0.000000
0.000000 -1.000000 -0.000000
0.000000 -1.000000 -0.000000
0.000000 -1.000000 -0.000000
0.000000 -1.000000 -0.000000
0.000000 -1.000000 -0.000000
0.000000 -1.000000 -0.000000
0.000000 -1.000000 -0.000000
0.000000 -1.000000 -0.000000
0.000000 -1.000000 -0.000000
0.000000 -1.000000 -0.000000
0.000000 -1.000000 -0.000000
0.000000 -1.000000 -0.000000
0.000000 -1.000000 -0.000000
0.000000 -1.000000 -0.000000
0.000000 -1.000000 -0.000000
0.000000 -1.000000 -0.000000
0.000000 -1.000000 -0.000000
0.000000 -1.000000 -0.000000
0.000000 -1.000000 -0.000000
0.000000 -1.000000 -0.000000
0.000000 -1.000000 -0.000000
0.000000 -1.000000 -0.000000
0.000000 -1.000000 -0.000000
0.000000 -1.000000 -0.000000
0.000000 -1.000000 -0.000000
0.875992 0.389392 -0.284626
0.745163 0.389392 -0.541393
-0.000000 1.000000 -0.000001
0.745163 0.389392 -0.541393
0.541392 0.389392 -0.745163
-0.000000 1.000000 -0.000001
0.541392 0.389392 -0.745163
0.284627 0.389392 -0.875992
-0.000000 1.000000 -0.000001
0.284627 0.389392 -0.875992
-0.000000 0.389392 -0.921072
-0.000000 1.000000 -0.000001
-0.000000 0.389392 -0.921072
-0.284627 0.389392 -0.875992
-0.000000 1.000000 -0.000001
-0.284627 0.389392 -0.875992
-0.541393 0.389392 -0.745163
-0.000000 1.000000 -0.000001
-0.541393 0.389392 -0.745163
-0.745163 0.389392 -0.541392
-0.000000 1.000000 -0.000001
-0.745163 0.389392 -0.541392
-0.875992 0.389392 -0.284627
-0.000000 1.000000 -0.000001
-0.875992 0.389392 -0.284627
-0.921072 0.389392 0.000000
-0.000000 1.000000 -0.000001
-0.921072 0.389392 0.000000
-0.875992 0.389392 0.284627
-0.000000 1.000000 -0.000001
-0.875992 0.389392 0.284627
-0.745163 0.389392 0.541393
-0.000000 1.000000 -0.000001
-0.745163 0.389392 0.541393
-0.541393 0.389392 0.745163
-0.000000 1.000000 -0.000001
-0.541393 0.389392 0.745163
-0.284627 0.389392 0.875992
-0.000000 1.000000 -0.000001
-0.284627 0.389392 0.875992
0.000000 0.389392 0.921072
-0.000000 1.000000 -0.000001
0.000000 0.389392 0.921072
0.284627 0.389392 0.875992
-0.000000 1.000000 -0.000001
0.284627 0.389392 0.875992
0.541393 0.389392 0.745163
-0.000000 1.000000 -0.000001
0.541393 0.389392 0.745163
0.745163 0.389392 0.541393
-0.000000 1.000000 -0.000001
0.745163 0.389392 0.541393
0.875992 0.389392 0.284627
-0.000000 1.000000 -0.000001
0.875992 0.389392 0.284627
0.921072 0.389392 0.000001
-0.000000 1.000000 -0.000001
0.921072 0.389392 0.000001
0.875992 0.389392 -0.284626
-0.000000 1.000000 -0.000001
</float_array>
          <technique_common>
            <accessor source="#pCone2-Normal0-array" count="114" stride="3">
              <param name="X" type="float"/>
              <param name="Y" type="float"/>
              <param name="Z" type="float"/>
            </accessor>
          </technique_common>
        </source>
        <source id="pCone2-UV0">
          <float_array id="pCone2-UV0-array" count="84">
0.737764 0.172746
0.702254 0.103054
0.646946 0.047746
0.577254 0.012236
0.500000 -0.000000
0.422746 0.012236
0.353054 0.047746
0.297746 0.103054
0.262236 0.172746
0.250000 0.250000
0.262236 0.327254
0.297746 0.396946
0.353054 0.452254
0.422746 0.487764
0.500000 0.500000
0.577254 0.487764
0.646946 0.452254
0.702254 0.396946
0.737764 0.327254
0.750000 0.250000
0.250000 0.500000
0.275000 0.500000
0.300000 0.500000
0.325000 0.500000
0.350000 0.500000
0.375000 0.500000
0.400000 0.500000
0.425000 0.500000
0.450000 0.500000
0.475000 0.500000
0.500000 0.500000
0.525000 0.500000
0.550000 0.500000
0.575000 0.500000
0.600000 0.500000
0.625000 0.500000
0.650000 0.500000
0.675000 0.500000
0.700000 0.500000
0.725000 0.500000
0.750000 0.500000
0.500000 1.000000
</float_array>
          <technique_common>
            <accessor source="#pCone2-UV0-array" count="42" stride="2">
              <param name="S" type="float"/>
              <param name="T" type="float"/>
            </accessor>
          </technique_common>
        </source>
        <vertices id="pCone2-VERTEX">
          <input semantic="POSITION" source="#pCone2-POSITION"/>
        </vertices>
        <triangles count="38" material="lambert1"><input semantic="VERTEX" offset="0" source="#pCone2-VERTEX"/><input semantic="NORMAL" offset="1" source="#pCone2-Normal0"/><input semantic="TEXCOORD" offset="2" set="0" source="#pCone2-UV0"/><p> 17 0 17 19 1 19 18 2 18 14 3 14 19 4 19 17 5 17 12 6 12 8 7 8 19 8 19 19 9 19 7 10 7 5 11 5 8 12 8 12 13 12 10 14 10 19 15 19 1 16 1 0 17 0 16 18 16 14 19 14 17 20 17 14 21 14 16 22 16 15 23 15 12 24 12 19 25 19 14 26 14 12 27 12 14 28 14 13 29 13 10 30 10 12 31 12 11 32 11 8 33 8 10 34 10 9 35 9 7 36 7 19 37 19 8 38 8 5 39 5 7 40 7 6 41 6 4 42 4 19 43 19 5 44 5 3 45 3 19 46 19 4 47 4 2 48 2 19 49 19 3 50 3 1 51 1 19 52 19 2 53 2 0 54 20 1 55 21 20 56 41 1 57 21 2 58 22 20 59 41 2 60 22 3 61 23 20 62 41 3 63 23 4 64 24 20 65 41 4 66 24 5 67 25 20 68 41 5 69 25 6 70 26 20 71 41 6 72 26 7 73 27 20 74 41 7 75 27 8 76 28 20 77 41 8 78 28 9 79 29 20 80 41 9 81 29 10 82 30 20 83 41 10 84 30 11 85 31 20 86 41 11 87 31 12 88 32 20 89 41 12 90 32 13 91 33 20 92 41 13 93 33 14 94 34 20 95 41 14 96 34 15 97 35 20 98 41 15 99 35 16 100 36 20 101 41 16 102 36 17 103 37 20 104 41 17 105 37 18 106 38 20 107 41 18 108 38 19 109 39 20 110 41 19 111 39 0 112 40 20 113 41</p></triangles>
      </mesh>
    </geometry>
  </library_geometries>
  <library_animations>
    <animation id="pCone1-anim" name="pCone1"><animation><source id="pCone1-Matrix-animation-input"><float_array id="pCone1-Matrix-animation-input-array" count="110">

0.458333 0.500000 0.541667 0.583333 0.625000 0.666667 0.708333 0.750000 0.791667 0.833333 0.875000 0.916667 0.958333 1.000000 1.041667 1.083333
1.125000 1.166667 1.208333 1.250000 1.291667 1.333333 1.375000 1.416667 1.458333 1.500000 1.541667 1.583333 1.625000 1.666667 1.708333 1.750000
1.791667 1.833333 1.875000 1.916667 1.958333 2.000000 2.041667 2.083333 2.125000 2.166667 2.208333 2.250000 2.291667 2.333333 2.375000 2.416667
2.458333 2.500000 2.541667 2.583333 2.625000 2.666667 2.708333 2.750000 2.791667 2.833333 2.875000 2.916667 2.958333 3.000000 3.041667 3.083333
3.125000 3.166667 3.208333 3.250000 3.291667 3.333333 3.375000 3.416667 3.458333 3.500000 3.541667 3.583333 3.625000 3.666667 3.708333 3.750000
3.791667 3.833333 3.875000 3.916667 3.958333 4.000000 4.041667 4.083333 4.125000 4.166667 4.208333 4.250000 4.291667 4.333333 4.375000 4.416667
4.458333 4.500000 4.541667 4.583333 4.625000 4.666667 4.708333 4.750000 4.791667 4.833333 4.875000 4.916667 4.958333 5.000000</float_array><technique_common><accessor source="#pCone1-Matrix-animation-input-array" count="110"><param name="TIME" type="float"/></accessor></technique_common></source><source id="pCone1-Matrix-animation-output-transform"><float_array id="pCone1-Matrix-animation-output-transform-array" count="1760">

0.998864 -0.047660 0.000046 0.023295 0.047660 0.998863 -0.000963 2.988883 0.000000 0.000964 1.000000 0.029078 0.000000 0.000000 0.000000 1.000000
0.999012 -0.044440 0.000043 0.023295 0.044440 0.999012 -0.000963 2.966723 0.000000 0.000964 1.000000 0.029078 0.000000 0.000000 0.000000 1.000000
0.999388 -0.034969 0.000034 0.023295 0.034969 0.999388 -0.000964 2.902260 0.000000 0.000964 1.000000 0.029078 0.000000 0.000000 0.000000 1.000000
0.999809 -0.019533 0.000019 0.023295 0.019533 0.999809 -0.000964 2.798514 0.000000 0.000964 1.000000 0.029078 0.000000 0.000000 0.000000 1.000000
0.999999 0.001581 -0.000002 0.023295 -0.001581 0.999998 -0.000964 2.658507 0.000000 0.000964 1.000000 0.029078 0.000000 0.000000 0.000000 1.000000
0.999606 0.028074 -0.000027 0.023295 -0.028074 0.999605 -0.000964 2.485261 0.000000 0.000964 1.000000 0.029078 0.000000 0.000000 0.000000 1.000000
0.998221 0.059631 -0.000058 0.023295 -0.059631 0.998220 -0.000963 2.281798 -0.000000 0.000964 1.000000 0.029078 0.000000 0.000000 0.000000 1.000000
0.995390 0.095907 -0.000092 0.023295 -0.095907 0.995390 -0.000960 2.051139 -0.000000 0.000964 1.000000 0.029078 0.000000 0.000000 0.000000 1.000000
0.990637 0.136524 -0.000132 0.023295 -0.136524 0.990636 -0.000955 1.796307 0.000000 0.000964 1.000000 0.029078 0.000000 0.000000 0.000000 1.000000
0.983471 0.181065 -0.000175 0.023295 -0.181065 0.983471 -0.000948 1.520322 0.000000 0.000964 1.000000 0.029078 0.000000 0.000000 0.000000 1.000000
0.973412 0.229061 -0.000221 0.023295 -0.229061 0.973412 -0.000939 1.226207 0.000000 0.000964 1.000000 0.029078 0.000000 0.000000 0.000000 1.000000
0.960000 0.280001 -0.000270 0.023295 -0.280001 0.959999 -0.000926 0.916984 0.000000 0.000964 1.000000 0.029078 0.000000 0.000000 0.000000 1.000000
0.942814 0.333320 -0.000321 0.023295 -0.333320 0.942813 -0.000909 0.595673 0.000000 0.000964 1.000000 0.029078 0.000000 0.000000 0.000000 1.000000
0.921486 0.388411 -0.000375 0.023295 -0.388411 0.921486 -0.000889 0.265297 -0.000000 0.000964 1.000000 0.029078 0.000000 0.000000 0.000000 1.000000
0.895717 0.444624 -0.000429 0.023295 -0.444624 0.895717 -0.000864 -0.071122 0.000000 0.000964 1.000000 0.029078 0.000000 0.000000 0.000000 1.000000
0.865286 0.501279 -0.000483 0.023295 -0.501279 0.865285 -0.000834 -0.410563 -0.000000 0.000964 1.000000 0.029078 0.000000 0.000000 0.000000 1.000000
0.830060 0.557674 -0.000538 0.023295 -0.557675 0.830059 -0.000800 -0.750004 -0.000000 0.000964 1.000000 0.029078 0.000000 0.000000 0.000000 1.000000
0.790005 0.613100 -0.000591 0.023295 -0.613100 0.790005 -0.000762 -1.086423 0.000000 0.000964 1.000000 0.029078 0.000000 0.000000 0.000000 1.000000
0.745189 0.666853 -0.000643 0.023295 -0.666853 0.745189 -0.000719 -1.416799 0.000000 0.000964 1.000000 0.029078 0.000000 0.000000 0.000000 1.000000
0.695783 0.718252 -0.000693 0.023295 -0.718252 0.695782 -0.000671 -1.738109 0.000000 0.000964 1.000000 0.029078 0.000000 0.000000 0.000000 1.000000
0.642058 0.766656 -0.000739 0.023295 -0.766656 0.642058 -0.000619 -2.047333 -0.000000 0.000964 1.000000 0.029078 0.000000 0.000000 0.000000 1.000000
0.584385 0.811476 -0.000783 0.023295 -0.811477 0.584385 -0.000564 -2.341448 0.000000 0.000964 1.000000 0.029078 0.000000 0.000000 0.000000 1.000000
0.523220 0.852197 -0.000822 0.023295 -0.852198 0.523220 -0.000505 -2.617433 -0.000000 0.000964 1.000000 0.029078 0.000000 0.000000 0.000000 1.000000
0.459099 0.888384 -0.000857 0.023295 -0.888385 0.459099 -0.000443 -2.872265 -0.000000 0.000964 1.000000 0.029078 0.000000 0.000000 0.000000 1.000000
0.392622 0.919700 -0.000887 0.023295 -0.919700 0.392622 -0.000379 -3.102924 0.000000 0.000964 1.000000 0.029078 0.000000 0.000000 0.000000 1.000000
0.324435 0.945907 -0.000912 0.023295 -0.945908 0.324435 -0.000313 -3.306387 0.000000 0.000964 1.000000 0.029078 0.000000 0.000000 0.000000 1.000000
0.255218 0.966883 -0.000932 0.023295 -0.966884 0.255218 -0.000246 -3.479633 0.000000 0.000964 1.000000 0.029078 0.000000 0.000000 0.000000 1.000000
0.185664 0.982613 -0.000948 0.023295 -0.982613 0.185664 -0.000179 -3.619639 0.000000 0.000964 1.000000 0.029078 0.000000 0.000000 0.000000 1.000000
0.116464 0.993194 -0.000958 0.023295 -0.993195 0.116464 -0.000112 -3.723386 0.000000 0.000964 1.000000 0.029078 0.000000 0.000000 0.000000 1.000000
0.048289 0.998833 -0.000963 0.023295 -0.998833 0.048289 -0.000047 -3.787849 -0.000000 0.000964 1.000000 0.029078 0.000000 0.000000 0.000000 1.000000
-0.018224 0.999833 -0.000964 0.023295 -0.999834 -0.018224 0.000018 -3.810008 0.000000 0.000964 1.000000 0.029078 0.000000 0.000000 0.000000 1.000000
-0.084294 0.996440 -0.000961 0.023295 -0.996441 -0.084294 0.000081 -3.795002 0.000000 0.000964 1.000000 0.029078 0.000000 0.000000 0.000000 1.000000
-0.151284 0.988490 -0.000953 0.023295 -0.988490 -0.151284 0.000146 -3.750929 -0.000000 0.000964 1.000000 0.029078 0.000000 0.000000 0.000000 1.000000
-0.218791 0.975771 -0.000941 0.023295 -0.975772 -0.218791 0.000211 -3.679206 -0.000000 0.000964 1.000000 0.029078 0.000000 0.000000 0.000000 1.000000
-0.286380 0.958116 -0.000924 0.023295 -0.958116 -0.286379 0.000276 -3.581253 -0.000000 0.000964 1.000000 0.029078 0.000000 0.000000 0.000000 1.000000
-0.353592 0.935400 -0.000902 0.023295 -0.935400 -0.353591 0.000341 -3.458486 0.000000 0.000964 1.000000 0.029078 0.000000 0.000000 0.000000 1.000000
-0.419950 0.907547 -0.000875 0.023295 -0.907547 -0.419950 0.000405 -3.312323 0.000000 0.000964 1.000000 0.029078 0.000000 0.000000 0.000000 1.000000
-0.484963 0.874534 -0.000843 0.023295 -0.874534 -0.484963 0.000468 -3.144183 0.000000 0.000964 1.000000 0.029078 0.000000 0.000000 0.000000 1.000000
-0.548133 0.836391 -0.000807 0.023295 -0.836391 -0.548132 0.000529 -2.955483 0.000000 0.000964 1.000000 0.029078 0.000000 0.000000 0.000000 1.000000
-0.608957 0.793203 -0.000765 0.023295 -0.793203 -0.608957 0.000587 -2.747642 0.000000 0.000964 1.000000 0.029078 0.000000 0.000000 0.000000 1.000000
-0.666941 0.745111 -0.000719 0.023295 -0.745111 -0.666940 0.000643 -2.522077 0.000000 0.000964 1.000000 0.029078 0.000000 0.000000 0.000000 1.000000
-0.721599 0.692311 -0.000668 0.023295 -0.692311 -0.721599 0.000696 -2.280205 0.000000 0.000964 1.000000 0.029078 0.000000 0.000000 0.000000 1.000000
-0.772466 0.635055 -0.000612 0.023295 -0.635056 -0.772466 0.000745 -2.023446 0.000000 0.000964 1.000000 0.029078 0.000000 0.000000 0.000000 1.000000
-0.819101 0.573648 -0.000553 0.023295 -0.573649 -0.819101 0.000790 -1.753217 -0.000000 0.000964 1.000000 0.029078 0.000000 0.000000 0.000000 1.000000
-0.861096 0.508443 -0.000490 0.023295 -0.508443 -0.861095 0.000830 -1.470936 0.000000 0.000964 1.000000 0.029078 0.000000 0.000000 0.000000 1.000000
-0.898076 0.439839 -0.000424 0.023295 -0.439840 -0.898076 0.000866 -1.178020 -0.000000 0.000964 1.000000 0.029078 0.000000 0.000000 0.000000 1.000000
-0.929716 0.368278 -0.000355 0.023295 -0.368278 -0.929715 0.000897 -0.875888 -0.000000 0.000964 1.000000 0.029078 0.000000 0.000000 0.000000 1.000000
-0.955733 0.294237 -0.000284 0.023295 -0.294237 -0.955732 0.000922 -0.565957 0.000000 0.000964 1.000000 0.029078 0.000000 0.000000 0.000000 1.000000
-0.975899 0.218223 -0.000210 0.023295 -0.218223 -0.975899 0.000941 -0.249646 0.000000 0.000964 1.000000 0.029078 0.000000 0.000000 0.000000 1.000000
-0.990043 0.140766 -0.000136 0.023295 -0.140766 -0.990042 0.000955 0.071628 0.000000 0.000964 1.000000 0.029078 0.000000 0.000000 0.000000 1.000000
-0.998050 0.062415 -0.000060 0.023295 -0.062415 -0.998050 0.000962 0.396447 0.000000 0.000964 1.000000 0.029078 0.000000 0.000000 0.000000 1.000000
-0.999868 -0.016275 0.000016 0.023295 0.016275 -0.999867 0.000964 0.723393 0.000000 0.000964 1.000000 0.029078 0.000000 0.000000 0.000000 1.000000
-0.995502 -0.094743 0.000091 0.023295 0.094743 -0.995501 0.000960 1.051047 0.000000 0.000964 1.000000 0.029078 0.000000 0.000000 0.000000 1.000000
-0.985020 -0.172438 0.000166 0.023295 0.172438 -0.985020 0.000950 1.377992 0.000000 0.000964 1.000000 0.029078 0.000000 0.000000 0.000000 1.000000
-0.968550 -0.248818 0.000240 0.023295 0.248818 -0.968550 0.000934 1.702811 -0.000000 0.000964 1.000000 0.029078 0.000000 0.000000 0.000000 1.000000
-0.946275 -0.323363 0.000312 0.023295 0.323363 -0.946274 0.000913 2.024085 0.000000 0.000964 1.000000 0.029078 0.000000 0.000000 0.000000 1.000000
-0.918432 -0.395578 0.000381 0.023295 0.395578 -0.918432 0.000886 2.340397 0.000000 0.000964 1.000000 0.029078 0.000000 0.000000 0.000000 1.000000
-0.885310 -0.465002 0.000448 0.023295 0.465002 -0.885309 0.000854 2.650327 -0.000000 0.000964 1.000000 0.029078 0.000000 0.000000 0.000000 1.000000
-0.847240 -0.531209 0.000512 0.023295 0.531210 -0.847240 0.000817 2.952459 0.000000 0.000964 1.000000 0.029078 0.000000 0.000000 0.000000 1.000000
-0.804597 -0.593820 0.000573 0.023295 0.593821 -0.804597 0.000776 3.245375 0.000000 0.000964 1.000000 0.029078 0.000000 0.000000 0.000000 1.000000
-0.757788 -0.652501 0.000629 0.023295 0.652501 -0.757788 0.000731 3.527657 -0.000000 0.000964 1.000000 0.029078 0.000000 0.000000 0.000000 1.000000
-0.707248 -0.706966 0.000682 0.023295 0.706966 -0.707247 0.000682 3.797886 0.000000 0.000964 1.000000 0.029078 0.000000 0.000000 0.000000 1.000000
-0.653434 -0.756983 0.000730 0.023295 0.756984 -0.653433 0.000630 4.054645 0.000000 0.000964 1.000000 0.029078 0.000000 0.000000 0.000000 1.000000
-0.596819 -0.802376 0.000774 0.023295 0.802376 -0.596818 0.000576 4.296516 -0.000000 0.000964 1.000000 0.029078 0.000000 0.000000 0.000000 1.000000
-0.537884 -0.843018 0.000813 0.023295 0.843019 -0.537884 0.000519 4.522082 0.000000 0.000964 1.000000 0.029078 0.000000 0.000000 0.000000 1.000000
-0.477113 -0.878841 0.000847 0.023295 0.878842 -0.477113 0.000460 4.729923 0.000000 0.000964 1.000000 0.029078 0.000000 0.000000 0.000000 1.000000
-0.414986 -0.909828 0.000877 0.023295 0.909828 -0.414986 0.000400 4.918622 -0.000000 0.000964 1.000000 0.029078 0.000000 0.000000 0.000000 1.000000
-0.351972 -0.936010 0.000903 0.023295 0.936011 -0.351972 0.000339 5.086763 -0.000000 0.000964 1.000000 0.029078 0.000000 0.000000 0.000000 1.000000
-0.288527 -0.957471 0.000923 0.023295 0.957472 -0.288527 0.000278 5.232925 -0.000000 0.000964 1.000000 0.029078 0.000000 0.000000 0.000000 1.000000
-0.225085 -0.974339 0.000940 0.023295 0.974339 -0.225085 0.000217 5.355692 0.000000 0.000964 1.000000 0.029078 0.000000 0.000000 0.000000 1.000000
-0.162059 -0.986781 0.000952 0.023295 0.986781 -0.162059 0.000156 5.453646 -0.000000 0.000964 1.000000 0.029078 0.000000 0.000000 0.000000 1.000000
-0.099833 -0.995004 0.000959 0.023295 0.995004 -0.099833 0.000096 5.525369 0.000000 0.000964 1.000000 0.029078 0.000000 0.000000 0.000000 1.000000
-0.038757 -0.999248 0.000964 0.023295 0.999249 -0.038757 0.000037 5.569442 0.000000 0.000964 1.000000 0.029078 0.000000 0.000000 0.000000 1.000000
0.020847 -0.999782 0.000964 0.023295 0.999783 0.020847 -0.000020 5.584448 0.000000 0.000964 1.000000 0.029078 0.000000 0.000000 0.000000 1.000000
0.079732 -0.996816 0.000961 0.023295 0.996816 0.079732 -0.000077 5.578551 -0.000000 0.000964 1.000000 0.029078 0.000000 0.000000 0.000000 1.000000
0.138637 -0.990343 0.000955 0.023295 0.990343 0.138637 -0.000134 5.561305 0.000000 0.000964 1.000000 0.029078 0.000000 0.000000 0.000000 1.000000
0.197233 -0.980356 0.000945 0.023295 0.980357 0.197233 -0.000190 5.533378 0.000000 0.000964 1.000000 0.029078 0.000000 0.000000 0.000000 1.000000
0.255202 -0.966887 0.000932 0.023295 0.966888 0.255202 -0.000246 5.495437 -0.000000 0.000964 1.000000 0.029078 0.000000 0.000000 0.000000 1.000000
0.312226 -0.950007 0.000916 0.023295 0.950008 0.312226 -0.000301 5.448150 -0.000000 0.000964 1.000000 0.029078 0.000000 0.000000 0.000000 1.000000
0.368000 -0.929825 0.000897 0.023295 0.929826 0.368000 -0.000355 5.392184 0.000000 0.000964 1.000000 0.029078 0.000000 0.000000 0.000000 1.000000
0.422234 -0.906486 0.000874 0.023295 0.906487 0.422234 -0.000407 5.328207 0.000000 0.000964 1.000000 0.029078 0.000000 0.000000 0.000000 1.000000
0.474660 -0.880169 0.000849 0.023295 0.880169 0.474660 -0.000458 5.256887 0.000000 0.000964 1.000000 0.029078 0.000000 0.000000 0.000000 1.000000
0.525029 -0.851084 0.000821 0.023295 0.851085 0.525028 -0.000506 5.178891 -0.000000 0.000964 1.000000 0.029078 0.000000 0.000000 0.000000 1.000000
0.573120 -0.819471 0.000790 0.023295 0.819471 0.573120 -0.000553 5.094887 0.000000 0.000964 1.000000 0.029078 0.000000 0.000000 0.000000 1.000000
0.618745 -0.785591 0.000758 0.023295 0.785592 0.618745 -0.000597 5.005541 -0.000000 0.000964 1.000000 0.029078 0.000000 0.000000 0.000000 1.000000
0.661744 -0.749730 0.000723 0.023295 0.749730 0.661743 -0.000638 4.911523 0.000000 0.000964 1.000000 0.029078 0.000000 0.000000 0.000000 1.000000
0.701990 -0.712186 0.000687 0.023295 0.712187 0.701990 -0.000677 4.813500 0.000000 0.000964 1.000000 0.029078 0.000000 0.000000 0.000000 1.000000
0.739394 -0.673273 0.000649 0.023295 0.673273 0.739394 -0.000713 4.712139 0.000000 0.000964 1.000000 0.029078 0.000000 0.000000 0.000000 1.000000
0.773897 -0.633311 0.000611 0.023295 0.633311 0.773897 -0.000746 4.608107 0.000000 0.000964 1.000000 0.029078 0.000000 0.000000 0.000000 1.000000
0.805479 -0.592625 0.000571 0.023295 0.592625 0.805478 -0.000777 4.502072 0.000000 0.000964 1.000000 0.029078 0.000000 0.000000 0.000000 1.000000
0.834149 -0.551540 0.000532 0.023295 0.551540 0.834148 -0.000804 4.394702 0.000000 0.000964 1.000000 0.029078 0.000000 0.000000 0.000000 1.000000
0.859951 -0.510377 0.000492 0.023295 0.510377 0.859950 -0.000829 4.286665 0.000000 0.000964 1.000000 0.029078 0.000000 0.000000 0.000000 1.000000
0.882958 -0.469453 0.000453 0.023295 0.469453 0.882957 -0.000851 4.178628 0.000000 0.000964 1.000000 0.029078 0.000000 0.000000 0.000000 1.000000
0.903270 -0.429071 0.000414 0.023295 0.429072 0.903270 -0.000871 4.071258 0.000000 0.000964 1.000000 0.029078 0.000000 0.000000 0.000000 1.000000
0.921015 -0.389527 0.000376 0.023295 0.389527 0.921015 -0.000888 3.965224 0.000000 0.000964 1.000000 0.029078 0.000000 0.000000 0.000000 1.000000
0.936338 -0.351100 0.000339 0.023295 0.351100 0.936337 -0.000903 3.861192 -0.000000 0.000964 1.000000 0.029078 0.000000 0.000000 0.000000 1.000000
0.949405 -0.314054 0.000303 0.023295 0.314054 0.949405 -0.000916 3.759830 0.000000 0.000964 1.000000 0.029078 0.000000 0.000000 0.000000 1.000000
0.960396 -0.278638 0.000269 0.023295 0.278638 0.960396 -0.000926 3.661807 -0.000000 0.000964 1.000000 0.029078 0.000000 0.000000 0.000000 1.000000
0.969502 -0.245082 0.000236 0.023295 0.245082 0.969502 -0.000935 3.567789 0.000000 0.000964 1.000000 0.029078 0.000000 0.000000 0.000000 1.000000
0.976921 -0.213602 0.000206 0.023295 0.213603 0.976920 -0.000942 3.478444 0.000000 0.000964 1.000000 0.029078 0.000000 0.000000 0.000000 1.000000
0.982852 -0.184398 0.000178 0.023295 0.184399 0.982851 -0.000948 3.394440 0.000000 0.000964 1.000000 0.029078 0.000000 0.000000 0.000000 1.000000
0.987495 -0.157652 0.000152 0.023295 0.157652 0.987494 -0.000952 3.316443 -0.000000 0.000964 1.000000 0.029078 0.000000 0.000000 0.000000 1.000000
0.991044 -0.133534 0.000129 0.023295 0.133535 0.991044 -0.000956 3.245123 0.000000 0.000964 1.000000 0.029078 0.000000 0.000000 0.000000 1.000000
0.993685 -0.112202 0.000108 0.023295 0.112202 0.993685 -0.000958 3.181147 0.000000 0.000964 1.000000 0.029078 0.000000 0.000000 0.000000 1.000000
0.995591 -0.093800 0.000090 0.023295 0.093800 0.995591 -0.000960 3.125181 0.000000 0.000964 1.000000 0.029078 0.000000 0.000000 0.000000 1.000000
0.996917 -0.078465 0.000076 0.023295 0.078465 0.996916 -0.000961 3.077894 0.000000 0.000964 1.000000 0.029078 0.000000 0.000000 0.000000 1.000000
0.997798 -0.066328 0.000064 0.023295 0.066328 0.997797 -0.000962 3.039953 0.000000 0.000964 1.000000 0.029078 0.000000 0.000000 0.000000 1.000000
0.998345 -0.057512 0.000055 0.023295 0.057512 0.998344 -0.000963 3.012026 0.000000 0.000964 1.000000 0.029078 0.000000 0.000000 0.000000 1.000000
0.998640 -0.052138 0.000050 0.023295 0.052138 0.998639 -0.000963 2.994780 0.000000 0.000964 1.000000 0.029078 0.000000 0.000000 0.000000 1.000000
0.998733 -0.050320 0.000049 0.023295 0.050320 0.998733 -0.000963 2.988883 0.000000 0.000964 1.000000 0.029078 0.000000 0.000000 0.000000 1.000000</float_array><technique_common><accessor source="#pCone1-Matrix-animation-output-transform-array" count="110" stride="16"><param type="float4x4"/></accessor></technique_common></source><source id="pCone1-Interpolations"><Name_array id="pCone1-Interpolations-array" count="110">
 LINEAR LINEAR LINEAR LINEAR LINEAR LINEAR LINEAR LINEAR LINEAR LINEAR LINEAR
LINEAR LINEAR LINEAR LINEAR LINEAR LINEAR LINEAR LINEAR LINEAR LINEAR LINEAR LINEAR
LINEAR LINEAR LINEAR LINEAR LINEAR LINEAR LINEAR LINEAR LINEAR LINEAR LINEAR LINEAR
LINEAR LINEAR LINEAR LINEAR LINEAR LINEAR LINEAR LINEAR LINEAR LINEAR LINEAR LINEAR
LINEAR LINEAR LINEAR LINEAR LINEAR LINEAR LINEAR LINEAR LINEAR LINEAR LINEAR LINEAR
LINEAR LINEAR LINEAR LINEAR LINEAR LINEAR LINEAR LINEAR LINEAR LINEAR LINEAR LINEAR
LINEAR LINEAR LINEAR LINEAR LINEAR LINEAR LINEAR LINEAR LINEAR LINEAR LINEAR LINEAR
LINEAR LINEAR LINEAR LINEAR LINEAR LINEAR LINEAR LINEAR LINEAR LINEAR LINEAR LINEAR
LINEAR LINEAR LINEAR LINEAR LINEAR LINEAR LINEAR LINEAR LINEAR LINEAR LINEAR LINEAR
LINEAR LINEAR LINEAR</Name_array><technique_common><accessor source="#pCone1-Interpolations-array" count="110"><param type="name"/></accessor></technique_common></source><sampler id="pCone1-Matrix-animation-transform"><input semantic="INPUT" source="#pCone1-Matrix-animation-input"/><input semantic="OUTPUT" source="#pCone1-Matrix-animation-output-transform"/><input semantic="INTERPOLATION" source="#pCone1-Interpolations"/></sampler><channel source="#pCone1-Matrix-animation-transform" target="pCone1/matrix"/></animation><animation><source id="pCone1-visibility-animation-input"><float_array id="pCone1-visibility-animation-input-array" count="4">

0.458333 1.708333 3.500000 5.000000</float_array><technique_common><accessor source="#pCone1-visibility-animation-input-array" count="4"><param name="TIME" type="float"/></accessor></technique_common></source><source id="pCone1-visibility-animation-output"><float_array id="pCone1-visibility-animation-output-array" count="4">

1.000000 1.000000 1.000000 1.000000</float_array><technique_common><accessor source="#pCone1-visibility-animation-output-array" count="4"><param type="float"/></accessor></technique_common></source><source id="pCone1-visibility-animation-intan"><float_array id="pCone1-visibility-animation-intan-array" count="4">

0.000000 0.000000 0.000000 0.000000</float_array><technique_common><accessor source="#pCone1-visibility-animation-intan-array" count="4"><param type="float"/></accessor></technique_common></source><source id="pCone1-visibility-animation-outtan"><float_array id="pCone1-visibility-animation-outtan-array" count="4">

0.000000 0.000000 0.000000 0.000000</float_array><technique_common><accessor source="#pCone1-visibility-animation-outtan-array" count="4"><param type="float"/></accessor></technique_common></source><source id="pCone1-visibility-animation-interpolation"><Name_array id="pCone1-visibility-animation-interpolation-array" count="4">
 STEP STEP STEP STEP</Name_array><technique_common><accessor source="#pCone1-visibility-animation-interpolation-array" count="4"><param type="name"/></accessor></technique_common></source><sampler id="pCone1-visibility-animation"><input semantic="INPUT" source="#pCone1-visibility-animation-input"/><input semantic="OUTPUT" source="#pCone1-visibility-animation-output"/><input semantic="IN_TANGENT" source="#pCone1-visibility-animation-intan"/><input semantic="OUT_TANGENT" source="#pCone1-visibility-animation-outtan"/><input semantic="INTERPOLATION" source="#pCone1-visibility-animation-interpolation"/></sampler><channel source="#pCone1-visibility-animation" target="pCone1/visibility"/></animation></animation>
    <animation id="pCone2-anim" name="pCone2"><animation><source id="pCone2-Matrix-animation-input"><float_array id="pCone2-Matrix-animation-input-array" count="110">

0.458333 0.500000 0.541667 0.583333 0.625000 0.666667 0.708333 0.750000 0.791667 0.833333 0.875000 0.916667 0.958333 1.000000 1.041667 1.083333
1.125000 1.166667 1.208333 1.250000 1.291667 1.333333 1.375000 1.416667 1.458333 1.500000 1.541667 1.583333 1.625000 1.666667 1.708333 1.750000
1.791667 1.833333 1.875000 1.916667 1.958333 2.000000 2.041667 2.083333 2.125000 2.166667 2.208333 2.250000 2.291667 2.333333 2.375000 2.416667
2.458333 2.500000 2.541667 2.583333 2.625000 2.666667 2.708333 2.750000 2.791667 2.833333 2.875000 2.916667 2.958333 3.000000 3.041667 3.083333
3.125000 3.166667 3.208333 3.250000 3.291667 3.333333 3.375000 3.416667 3.458333 3.500000 3.541667 3.583333 3.625000 3.666667 3.708333 3.750000
3.791667 3.833333 3.875000 3.916667 3.958333 4.000000 4.041667 4.083333 4.125000 4.166667 4.208333 4.250000 4.291667 4.333333 4.375000 4.416667
4.458333 4.500000 4.541667 4.583333 4.625000 4.666667 4.708333 4.750000 4.791667 4.833333 4.875000 4.916667 4.958333 5.000000</float_array><technique_common><accessor source="#pCone2-Matrix-animation-input-array" count="110"><param name="TIME" type="float"/></accessor></technique_common></source><source id="pCone2-Matrix-animation-output-transform"><float_array id="pCone2-Matrix-animation-output-transform-array" count="1760">

0.998864 -0.047660 0.000046 8.000000 0.047660 0.998863 -0.000963 2.989000 0.000000 0.000964 1.000000 0.050000 0.000000 0.000000 0.000000 1.000000
0.999012 -0.044440 0.000043 8.000000 0.044440 0.999012 -0.000963 2.966840 0.000000 0.000964 1.000000 0.051467 0.000000 0.000000 0.000000 1.000000
0.999388 -0.034969 0.000034 8.000000 0.034969 0.999388 -0.000964 2.902376 0.000000 0.000964 1.000000 0.055733 0.000000 0.000000 0.000000 1.000000
0.999809 -0.019533 0.000019 8.000000 0.019533 0.999809 -0.000964 2.798628 0.000000 0.000964 1.000000 0.062600 0.000000 0.000000 0.000000 1.000000
0.999999 0.001581 -0.000002 8.000000 -0.001581 0.999998 -0.000964 2.658619 0.000000 0.000964 1.000000 0.071867 0.000000 0.000000 0.000000 1.000000
0.999606 0.028074 -0.000027 8.000000 -0.028074 0.999605 -0.000964 2.485370 0.000000 0.000964 1.000000 0.083333 0.000000 0.000000 0.000000 1.000000
