<?xml version="1.0" encoding="utf-8"?>
<COLLADA xmlns="http://www.collada.org/2005/11/COLLADASchema" version="1.4.1">
  <asset><contributor><author></author><authoring_tool>FBX COLLADA exporter</authoring_tool><comments></comments></contributor><created>2015-08-13T20:43:26Z</created><keywords></keywords><modified>2015-08-13T20:43:26Z</modified><revision></revision><subject></subject><title></title><unit meter="0.010000" name="centimeter"></unit><up_axis>Y_UP</up_axis></asset>
  <library_materials>
    <material id="lambert1" name="lambert1">
      <instance_effect url="#lambert1-fx"/>
    </material>
  </library_materials>
  <library_effects>
    <effect id="lambert1-fx" name="lambert1">
      <profile_COMMON>
        <technique sid="standard">
          <lambert>
            <emission>
              <color sid="emission">0.000000  0.000000 0.000000 1.000000</color>
            </emission>
            <ambient>
              <color sid="ambient">0.000000  0.000000 0.000000 1.000000</color>
            </ambient>
            <diffuse>
              <color sid="diffuse">0.400000  0.400000 0.400000 1.000000</color>
            </diffuse>
            <transparent opaque="RGB_ZERO">
              <color sid="transparent">0.000000  0.000000 0.000000 1.000000</color>
            </transparent>
            <transparency>
              <float sid="transparency">1.000000</float>
            </transparency>
          </lambert>
        </technique>
      </profile_COMMON>
    </effect>
  </library_effects>
  <library_geometries>
    <geometry id="pCone1-lib" name="pCone1Mesh">
      <mesh>
        <source id="pCone1-POSITION">
          <float_array id="pCone1-POSITION-array" count="63">
2.393333 -3.034187 -0.777641
2.035891 -3.034187 -1.479161
1.479161 -3.034187 -2.035891
0.777641 -3.034187 -2.393333
0.000000 -3.034187 -2.516499
-0.777641 -3.034187 -2.393333
-1.479161 -3.034187 -2.035891
-2.035890 -3.034187 -1.479161
-2.393332 -3.034187 -0.777641
-2.516499 -3.034187 0.000000
-2.393332 -3.034187 0.777641
-2.035890 -3.034187 1.479161
-1.479161 -3.034187 2.035890
-0.777641 -3.034187 2.393332
-0.000000 -3.034187 2.516498
0.777641 -3.034187 2.393332
1.479160 -3.034187 2.035890
2.035890 -3.034187 1.479161
2.393332 -3.034187 0.777641
2.516498 -3.034187 0.000000
0.000000 3.034187 0.000000
</float_array>
          <technique_common>
            <accessor source="#pCone1-POSITION-array" count="21" stride="3">
              <param name="X" type="float"/>
              <param name="Y" type="float"/>
              <param name="Z" type="float"/>
            </accessor>
          </technique_common>
        </source>
        <source id="pCone1-Normal0">
          <float_array id="pCone1-Normal0-array" count="342">
0.000000 -1.000000 0.000000
0.000000 -1.000000 0.000000
0.000000 -1.000000 0.000000
0.000000 -1.000000 0.000000
0.000000 -1.000000 0.000000
0.000000 -1.000000 0.000000
0.000000 -1.000000 0.000000
0.000000 -1.000000 0.000000
0.000000 -1.000000 0.000000
0.000000 -1.000000 0.000000
0.000000 -1.000000 0.000000
0.000000 -1.000000 0.000000
0.000000 -1.000000 0.000000
0.000000 -1.000000 0.000000
0.000000 -1.000000 0.000000
0.000000 -1.000000 0.000000
0.000000 -1.000000 0.000000
0.000000 -1.000000 0.000000
0.000000 -1.000000 0.000000
0.000000 -1.000000 0.000000
0.000000 -1.000000 0.000000
0.000000 -1.000000 0.000000
0.000000 -1.000000 0.000000
0.000000 -1.000000 0.000000
0.000000 -1.000000 0.000000
0.000000 -1.000000 0.000000
0.000000 -1.000000 0.000000
0.000000 -1.000000 0.000000
0.000000 -1.000000 0.000000
0.000000 -1.000000 0.000000
0.000000 -1.000000 0.000000
0.000000 -1.000000 0.000000
0.000000 -1.000000 0.000000
0.000000 -1.000000 0.000000
0.000000 -1.000000 0.000000
0.000000 -1.000000 0.000000
0.000000 -1.000000 0.000000
0.000000 -1.000000 0.000000
0.000000 -1.000000 0.000000
0.000000 -1.000000 0.000000
0.000000 -1.000000 0.000000
0.000000 -1.000000 0.000000
0.000000 -1.000000 0.000000
0.000000 -1.000000 0.000000
0.000000 -1.000000 0.000000
0.000000 -1.000000 0.000000
0.000000 -1.000000 0.000000
0.000000 -1.000000 0.000000
0.000000 -1.000000 0.000000
0.000000 -1.000000 0.000000
0.000000 -1.000000 0.000000
0.000000 -1.000000 0.000000
0.000000 -1.000000 0.000000
0.000000 -1.000000 0.000000
0.878514 0.383060 -0.285445
0.747308 0.383060 -0.542951
0.000003 1.000000 -0.000000
0.747308 0.383060 -0.542951
0.542951 0.383060 -0.747308
0.000003 1.000000 -0.000000
0.542951 0.383060 -0.747308
0.285446 0.383060 -0.878513
0.000003 1.000000 -0.000000
0.285446 0.383060 -0.878513
-0.000000 0.383060 -0.923724
0.000003 1.000000 -0.000000
-0.000000 0.383060 -0.923724
-0.285446 0.383060 -0.878513
0.000003 1.000000 -0.000000
-0.285446 0.383060 -0.878513
-0.542951 0.383060 -0.747308
0.000003 1.000000 -0.000000
-0.542951 0.383060 -0.747308
-0.747308 0.383060 -0.542951
0.000003 1.000000 -0.000000
-0.747308 0.383060 -0.542951
-0.878513 0.383060 -0.285446
0.000003 1.000000 -0.000000
-0.878513 0.383060 -0.285446
-0.923724 0.383060 0.000000
0.000003 1.000000 -0.000000
-0.923724 0.383060 0.000000
-0.878513 0.383060 0.285446
0.000003 1.000000 -0.000000
-0.878513 0.383060 0.285446
-0.747308 0.383060 0.542951
0.000003 1.000000 -0.000000
-0.747308 0.383060 0.542951
-0.542951 0.383060 0.747308
0.000003 1.000000 -0.000000
-0.542951 0.383060 0.747308
-0.285446 0.383060 0.878513
0.000003 1.000000 -0.000000
-0.285446 0.383060 0.878513
0.000000 0.383060 0.923724
0.000003 1.000000 -0.000000
0.000000 0.383060 0.923724
0.285446 0.383060 0.878513
0.000003 1.000000 -0.000000
0.285446 0.383060 0.878513
0.542951 0.383060 0.747308
0.000003 1.000000 -0.000000
0.542951 0.383060 0.747308
0.747308 0.383060 0.542951
0.000003 1.000000 -0.000000
0.747308 0.383060 0.542951
0.878513 0.383060 0.285446
0.000003 1.000000 -0.000000
0.878513 0.383060 0.285446
0.923724 0.383060 0.000001
0.000003 1.000000 -0.000000
0.923724 0.383060 0.000001
0.878514 0.383060 -0.285445
0.000003 1.000000 -0.000000
</float_array>
          <technique_common>
            <accessor source="#pCone1-Normal0-array" count="114" stride="3">
              <param name="X" type="float"/>
              <param name="Y" type="float"/>
              <param name="Z" type="float"/>
            </accessor>
          </technique_common>
        </source>
        <source id="pCone1-UV0">
          <float_array id="pCone1-UV0-array" count="84">
0.737764 0.172746
0.702254 0.103054
0.646946 0.047746
0.577254 0.012236
0.500000 -0.000000
0.422746 0.012236
0.353054 0.047746
0.297746 0.103054
0.262236 0.172746
0.250000 0.250000
0.262236 0.327254
0.297746 0.396946
0.353054 0.452254
0.422746 0.487764
0.500000 0.500000
0.577254 0.487764
0.646946 0.452254
0.702254 0.396946
0.737764 0.327254
0.750000 0.250000
0.250000 0.500000
0.275000 0.500000
0.300000 0.500000
0.325000 0.500000
0.350000 0.500000
0.375000 0.500000
0.400000 0.500000
0.425000 0.500000
0.450000 0.500000
0.475000 0.500000
0.500000 0.500000
0.525000 0.500000
0.550000 0.500000
0.575000 0.500000
0.600000 0.500000
0.625000 0.500000
0.650000 0.500000
0.675000 0.500000
0.700000 0.500000
0.725000 0.500000
0.750000 0.500000
0.500000 1.000000
</float_array>
          <technique_common>
            <accessor source="#pCone1-UV0-array" count="42" stride="2">
              <param name="S" type="float"/>
              <param name="T" type="float"/>
            </accessor>
          </technique_common>
        </source>
        <vertices id="pCone1-VERTEX">
          <input semantic="POSITION" source="#pCone1-POSITION"/>
        </vertices>
        <triangles count="38" material="lambert1"><input semantic="VERTEX" offset="0" source="#pCone1-VERTEX"/><input semantic="NORMAL" offset="1" source="#pCone1-Normal0"/><input semantic="TEXCOORD" offset="2" set="0" source="#pCone1-UV0"/><p> 17 0 17 19 1 19 18 2 18 17 3 17 8 4 8 19 5 19 8 6 8 15 7 15 11 8 11 19 9 19 7 10 7 5 11 5 8 12 8 11 13 11 10 14 10 19 15 19 1 16 1 0 17 0 15 18 15 17 19 17 16 20 16 15 21 15 8 22 8 17 23 17 13 24 13 15 25 15 14 26 14 11 27 11 15 28 15 13 29 13 11 30 11 13 31 13 12 32 12 8 33 8 10 34 10 9 35 9 7 36 7 19 37 19 8 38 8 5 39 5 7 40 7 6 41 6 4 42 4 19 43 19 5 44 5 3 45 3 19 46 19 4 47 4 2 48 2 19 49 19 3 50 3 1 51 1 19 52 19 2 53 2 0 54 20 1 55 21 20 56 41 1 57 21 2 58 22 20 59 41 2 60 22 3 61 23 20 62 41 3 63 23 4 64 24 20 65 41 4 66 24 5 67 25 20 68 41 5 69 25 6 70 26 20 71 41 6 72 26 7 73 27 20 74 41 7 75 27 8 76 28 20 77 41 8 78 28 9 79 29 20 80 41 9 81 29 10 82 30 20 83 41 10 84 30 11 85 31 20 86 41 11 87 31 12 88 32 20 89 41 12 90 32 13 91 33 20 92 41 13 93 33 14 94 34 20 95 41 14 96 34 15 97 35 20 98 41 15 99 35 16 100 36 20 101 41 16 102 36 17 103 37 20 104 41 17 105 37 18 106 38 20 107 41 18 108 38 19 109 39 20 110 41 19 111 39 0 112 40 20 113 41</p></triangles>
      </mesh>
    </geometry>
  </library_geometries>
  <library_animations>
    <animation id="pCone1-anim" name="pCone1"><animation><source id="pCone1-Matrix-animation-input"><float_array id="pCone1-Matrix-animation-input-array" count="120">

0.041667 0.083333 0.125000 0.166667 0.208333 0.250000 0.291667 0.333333 0.375000 0.416667 0.458333 0.500000 0.541667 0.583333 0.625000 0.666667
0.708333 0.750000 0.791667 0.833333 0.875000 0.916667 0.958333 1.000000 1.041667 1.083333 1.125000 1.166667 1.208333 1.250000 1.291667 1.333333
1.375000 1.416667 1.458333 1.500000 1.541667 1.583333 1.625000 1.666667 1.708333 1.750000 1.791667 1.833333 1.875000 1.916667 1.958333 2.000000
2.041667 2.083333 2.125000 2.166667 2.208333 2.250000 2.291667 2.333333 2.375000 2.416667 2.458333 2.500000 2.541667 2.583333 2.625000 2.666667
2.708333 2.750000 2.791667 2.833333 2.875000 2.916667 2.958333 3.000000 3.041667 3.083333 3.125000 3.166667 3.208333 3.250000 3.291667 3.333333
3.375000 3.416667 3.458333 3.500000 3.541667 3.583333 3.625000 3.666667 3.708333 3.750000 3.791667 3.833333 3.875000 3.916667 3.958333 4.000000
4.041667 4.083333 4.125000 4.166667 4.208333 4.250000 4.291667 4.333333 4.375000 4.416667 4.458333 4.500000 4.541667 4.583333 4.625000 4.666667
4.708333 4.750000 4.791667 4.833333 4.875000 4.916667 4.958333 5.000000</float_array><technique_common><accessor source="#pCone1-Matrix-animation-input-array" count="120"><param name="TIME" type="float"/></accessor></technique_common></source><source id="pCone1-Matrix-animation-output-transform"><float_array id="pCone1-Matrix-animation-output-transform-array" count="1920">

0.999997 -0.002218 0.000710 0.183931 0.002218 0.999998 0.000009 3.019615 -0.000710 -0.000007 1.000000 -3.213716 0.000000 0.000000 0.000000 1.000000
0.999997 -0.002221 0.000701 0.183931 0.002218 0.999990 0.003762 3.024381 -0.000710 -0.003760 0.999993 -3.198646 0.000000 0.000000 0.000000 1.000000
0.999997 -0.002228 0.000677 0.183931 0.002218 0.999889 0.014753 3.038664 -0.000710 -0.014752 0.999891 -3.154612 0.000000 0.000000 0.000000 1.000000
0.999997 -0.002240 0.000637 0.183928 0.002218 0.999467 0.032580 3.062861 -0.000710 -0.032578 0.999469 -3.083522 0.000000 0.000000 0.000000 1.000000
0.999997 -0.002255 0.000582 0.183918 0.002218 0.998382 0.056825 3.097825 -0.000710 -0.056824 0.998384 -2.987476 0.000000 0.000000 0.000000 1.000000
0.999997 -0.002272 0.000514 0.183898 0.002218 0.996201 0.087055 3.144744 -0.000710 -0.087054 0.996203 -2.868771 0.000000 0.000000 0.000000 1.000000
0.999997 -0.002289 0.000432 0.183863 0.002218 0.992429 0.122803 3.205024 -0.000710 -0.122801 0.992431 -2.729903 0.000000 0.000000 0.000000 1.000000
0.999997 -0.002304 0.000337 0.183807 0.002218 0.986531 0.163562 3.280171 -0.000710 -0.163561 0.986533 -2.573583 0.000000 0.000000 0.000000 1.000000
0.999997 -0.002317 0.000231 0.183726 0.002218 0.977960 0.208779 3.371679 -0.000710 -0.208778 0.977963 -2.402729 0.000000 0.000000 0.000000 1.000000
0.999997 -0.002326 0.000114 0.183613 0.002218 0.966184 0.257844 3.480927 -0.000710 -0.257843 0.966187 -2.220458 0.000000 0.000000 0.000000 1.000000
0.999997 -0.002329 -0.000013 0.183463 0.002218 0.950703 0.310094 3.609081 -0.000710 -0.310094 0.950706 -2.030065 0.000000 0.000000 0.000000 1.000000
0.999997 -0.002324 -0.000149 0.183274 0.002218 0.931078 0.364814 3.757002 -0.000710 -0.364813 0.931080 -1.834983 0.000000 0.000000 0.000000 1.000000
0.999997 -0.002311 -0.000291 0.183040 0.002218 0.906947 0.421240 3.925180 -0.000710 -0.421239 0.906949 -1.638734 0.000000 0.000000 0.000000 1.000000
0.999997 -0.002287 -0.000439 0.182759 0.002218 0.878045 0.478573 4.113671 -0.000710 -0.478572 0.878048 -1.444860 0.000000 0.000000 0.000000 1.000000
0.999997 -0.002253 -0.000590 0.182431 0.002218 0.844220 0.535992 4.322054 -0.000710 -0.535992 0.844223 -1.256853 0.000000 0.000000 0.000000 1.000000
0.999997 -0.002207 -0.000743 0.182053 0.002218 0.805439 0.592674 4.549416 -0.000710 -0.592675 0.805442 -1.078065 0.000000 0.000000 0.000000 1.000000
0.999997 -0.002150 -0.000896 0.181628 0.002218 0.761799 0.647809 4.794347 -0.000710 -0.647810 0.761802 -0.911627 0.000000 0.000000 0.000000 1.000000
0.999997 -0.002080 -0.001048 0.181157 0.002218 0.713526 0.700625 5.054965 -0.000710 -0.700625 0.713529 -0.760356 0.000000 0.000000 0.000000 1.000000
0.999997 -0.001999 -0.001196 0.180644 0.002218 0.660972 0.750407 5.328957 -0.000710 -0.750408 0.660975 -0.626676 0.000000 0.000000 0.000000 1.000000
0.999997 -0.001906 -0.001338 0.180094 0.002218 0.604606 0.796521 5.613634 -0.000710 -0.796522 0.604609 -0.512545 0.000000 0.000000 0.000000 1.000000
0.999997 -0.001804 -0.001473 0.179511 0.002218 0.545003 0.838431 5.906013 -0.000710 -0.838432 0.545005 -0.419392 0.000000 0.000000 0.000000 1.000000
0.999997 -0.001692 -0.001600 0.178903 0.002218 0.482823 0.875715 6.202901 -0.000710 -0.875716 0.482825 -0.348079 0.000000 0.000000 0.000000 1.000000
0.999997 -0.001573 -0.001717 0.178277 0.002218 0.418799 0.908076 6.500988 -0.000710 -0.908078 0.418801 -0.298872 0.000000 0.000000 0.000000 1.000000
0.999997 -0.001448 -0.001824 0.177640 0.002218 0.353707 0.935354 6.796945 -0.000710 -0.935355 0.353709 -0.271439 0.000000 0.000000 0.000000 1.000000
0.999997 -0.001319 -0.001919 0.177000 0.002218 0.288351 0.957522 7.087517 -0.000710 -0.957524 0.288353 -0.264865 0.000000 0.000000 0.000000 1.000000
0.999997 -0.001187 -0.002003 0.176365 0.002218 0.223536 0.974693 7.369608 -0.000710 -0.974695 0.223538 -0.277689 0.000000 0.000000 0.000000 1.000000
0.999997 -0.001055 -0.002076 0.175743 0.002218 0.160049 0.987107 7.640356 -0.000710 -0.987109 0.160051 -0.307950 0.000000 0.000000 0.000000 1.000000
0.999997 -0.000925 -0.002137 0.175141 0.002218 0.098643 0.995120 7.897191 -0.000710 -0.995122 0.098644 -0.353262 0.000000 0.000000 0.000000 1.000000
0.999997 -0.000798 -0.002188 0.174567 0.002218 0.040020 0.999196 8.137873 -0.000710 -0.999199 0.040021 -0.410883 0.000000 0.000000 0.000000 1.000000
0.999997 -0.000676 -0.002229 0.174025 0.002218 -0.015178 0.999882 8.360514 -0.000710 -0.999885 -0.015177 -0.477801 0.000000 0.000000 0.000000 1.000000
0.999997 -0.000556 -0.002262 0.173504 0.002218 -0.068334 0.997660 8.571280 -0.000710 -0.997662 -0.068333 -0.553826 0.000000 0.000000 0.000000 1.000000
0.999997 -0.000436 -0.002288 0.172986 0.002218 -0.121133 0.992634 8.777070 -0.000710 -0.992636 -0.121131 -0.640666 0.000000 0.000000 0.000000 1.000000
0.999997 -0.000314 -0.002308 0.172472 0.002218 -0.173436 0.984843 8.977381 -0.000710 -0.984845 -0.173435 -0.737990 0.000000 0.000000 0.000000 1.000000
0.999997 -0.000192 -0.002321 0.171965 0.002218 -0.225110 0.974331 9.171728 -0.000710 -0.974333 -0.225109 -0.845450 0.000000 0.000000 0.000000 1.000000
0.999997 -0.000070 -0.002328 0.171465 0.002218 -0.276023 0.961149 9.359649 -0.000710 -0.961151 -0.276022 -0.962680 0.000000 0.000000 0.000000 1.000000
0.999997 0.000052 -0.002328 0.170973 0.002218 -0.326048 0.945351 9.540701 -0.000710 -0.945353 -0.326047 -1.089298 0.000000 0.000000 0.000000 1.000000
0.999997 0.000174 -0.002322 0.170492 0.002218 -0.375062 0.926997 9.714461 -0.000710 -0.927000 -0.375061 -1.224907 0.000000 0.000000 0.000000 1.000000
0.999997 0.000295 -0.002310 0.170021 0.002218 -0.422944 0.906153 9.880533 -0.000710 -0.906156 -0.422943 -1.369094 0.000000 0.000000 0.000000 1.000000
0.999997 0.000415 -0.002292 0.169562 0.002218 -0.469578 0.882888 10.038535 -0.000710 -0.882891 -0.469578 -1.521434 0.000000 0.000000 0.000000 1.000000
0.999997 0.000534 -0.002267 0.169117 0.002218 -0.514853 0.857276 10.188111 -0.000710 -0.857278 -0.514853 -1.681489 0.000000 0.000000 0.000000 1.000000
0.999997 0.000651 -0.002236 0.168686 0.002218 -0.558660 0.829394 10.328927 -0.000710 -0.829396 -0.558660 -1.848810 0.000000 0.000000 0.000000 1.000000
0.999997 0.000766 -0.002199 0.168270 0.002218 -0.600896 0.799324 10.460668 -0.000710 -0.799327 -0.600896 -2.022937 0.000000 0.000000 0.000000 1.000000
0.999997 0.000879 -0.002157 0.167871 0.002218 -0.641460 0.767153 10.583039 -0.000710 -0.767156 -0.641461 -2.203398 0.000000 0.000000 0.000000 1.000000
0.999997 0.000989 -0.002109 0.167488 0.002218 -0.680258 0.732970 10.695772 -0.000710 -0.732972 -0.680258 -2.389713 0.000000 0.000000 0.000000 1.000000
0.999997 0.001096 -0.002055 0.167124 0.002218 -0.717197 0.696867 10.798617 -0.000710 -0.696869 -0.717198 -2.581395 0.000000 0.000000 0.000000 1.000000
0.999997 0.001201 -0.001995 0.166779 0.002218 -0.752191 0.658941 10.891345 -0.000710 -0.658944 -0.752192 -2.777946 0.000000 0.000000 0.000000 1.000000
0.999997 0.001302 -0.001931 0.166454 0.002218 -0.785158 0.619292 10.973751 -0.000710 -0.619294 -0.785159 -2.978863 0.000000 0.000000 0.000000 1.000000
0.999997 0.001400 -0.001861 0.166149 0.002218 -0.816019 0.578021 11.045650 -0.000710 -0.578024 -0.816020 -3.183635 0.000000 0.000000 0.000000 1.000000
0.999997 0.001494 -0.001787 0.165866 0.002218 -0.844700 0.535235 11.106881 -0.000710 -0.535238 -0.844701 -3.391747 0.000000 0.000000 0.000000 1.000000
0.999997 0.001584 -0.001707 0.165604 0.002218 -0.871133 0.491042 11.157300 -0.000710 -0.491044 -0.871134 -3.602674 0.000000 0.000000 0.000000 1.000000
0.999997 0.001670 -0.001624 0.165365 0.002218 -0.895254 0.445551 11.196791 -0.000710 -0.445554 -0.895255 -3.815892 0.000000 0.000000 0.000000 1.000000
0.999997 0.001751 -0.001535 0.165149 0.002218 -0.917001 0.398878 11.225256 -0.000710 -0.398881 -0.917003 -4.030868 0.000000 0.000000 0.000000 1.000000
0.999997 0.001828 -0.001443 0.164958 0.002218 -0.936321 0.351138 11.242619 -0.000710 -0.351140 -0.936323 -4.247069 0.000000 0.000000 0.000000 1.000000
0.999997 0.001900 -0.001347 0.164790 0.002218 -0.953163 0.302448 11.248828 -0.000710 -0.302450 -0.953165 -4.463956 0.000000 0.000000 0.000000 1.000000
0.999997 0.001967 -0.001248 0.164647 0.002218 -0.967482 0.252929 11.243854 -0.000710 -0.252931 -0.967484 -4.680990 0.000000 0.000000 0.000000 1.000000
0.999997 0.002028 -0.001144 0.164529 0.002218 -0.979238 0.202702 11.227687 -0.000710 -0.202704 -0.979240 -4.897629 0.000000 0.000000 0.000000 1.000000
0.999997 0.002085 -0.001038 0.164437 0.002218 -0.988394 0.151893 11.200341 -0.000710 -0.151895 -0.988396 -5.113329 0.000000 0.000000 0.000000 1.000000
0.999997 0.002136 -0.000929 0.164370 0.002218 -0.994922 0.100627 11.161857 -0.000710 -0.100629 -0.994924 -5.327546 0.000000 0.000000 0.000000 1.000000
0.999997 0.002181 -0.000817 0.164329 0.002218 -0.998795 0.049032 11.112290 -0.000710 -0.049034 -0.998797 -5.539736 0.000000 0.000000 0.000000 1.000000
0.999997 0.002220 -0.000703 0.164315 0.002218 -0.999994 -0.002763 11.051729 -0.000710 0.002762 -0.999996 -5.749355 0.000000 0.000000 0.000000 1.000000
0.999997 0.002254 -0.000587 0.164327 0.002218 -0.998507 -0.054582 10.980346 -0.000710 0.054581 -0.998509 -5.955679 0.000000 0.000000 0.000000 1.000000
0.999997 0.002281 -0.000470 0.164365 0.002218 -0.994338 -0.106243 10.898386 -0.000710 0.106241 -0.994340 -6.157979 0.000000 0.000000 0.000000 1.000000
0.999997 0.002302 -0.000351 0.164430 0.002218 -0.987500 -0.157606 10.806077 -0.000710 0.157605 -0.987502 -6.355718 0.000000 0.000000 0.000000 1.000000
0.999997 0.002317 -0.000231 0.164520 0.002218 -0.978012 -0.208537 10.703671 -0.000710 0.208535 -0.978015 -6.548371 0.000000 0.000000 0.000000 1.000000
0.999997 0.002326 -0.000111 0.164636 0.002218 -0.965902 -0.258897 10.591449 -0.000710 0.258896 -0.965905 -6.735425 0.000000 0.000000 0.000000 1.000000
0.999997 0.002329 0.000009 0.164778 0.002218 -0.951204 -0.308554 10.469714 -0.000710 0.308553 -0.951207 -6.916386 0.000000 0.000000 0.000000 1.000000
0.999997 0.002325 0.000130 0.164945 0.002218 -0.933959 -0.357375 10.338799 -0.000710 0.357374 -0.933961 -7.090771 0.000000 0.000000 0.000000 1.000000
0.999997 0.002315 0.000250 0.165136 0.002218 -0.914212 -0.405230 10.199055 -0.000710 0.405230 -0.914215 -7.258122 0.000000 0.000000 0.000000 1.000000
0.999997 0.002299 0.000370 0.165351 0.002218 -0.892019 -0.451993 10.050859 -0.000710 0.451993 -0.892021 -7.417994 0.000000 0.000000 0.000000 1.000000
0.999997 0.002277 0.000488 0.165590 0.002218 -0.867439 -0.497539 9.894612 -0.000710 0.497538 -0.867442 -7.569963 0.000000 0.000000 0.000000 1.000000
0.999997 0.002249 0.000605 0.165851 0.002218 -0.840539 -0.541747 9.730731 -0.000710 0.541746 -0.840542 -7.713628 0.000000 0.000000 0.000000 1.000000
0.999997 0.002215 0.000721 0.166135 0.002218 -0.811391 -0.584499 9.559655 -0.000710 0.584499 -0.811394 -7.848608 0.000000 0.000000 0.000000 1.000000
0.999997 0.002174 0.000834 0.166440 0.002218 -0.780074 -0.625683 9.381845 -0.000710 0.625683 -0.780077 -7.974548 0.000000 0.000000 0.000000 1.000000
0.999997 0.002128 0.000946 0.166766 0.002218 -0.746672 -0.665188 9.197775 -0.000710 0.665189 -0.746675 -8.091113 0.000000 0.000000 0.000000 1.000000
0.999997 0.002077 0.001055 0.167111 0.002218 -0.711274 -0.702911 9.007935 -0.000710 0.702912 -0.711277 -8.197996 0.000000 0.000000 0.000000 1.000000
0.999997 0.002019 0.001160 0.167475 0.002218 -0.673975 -0.738751 8.812834 -0.000710 0.738752 -0.673977 -8.294912 0.000000 0.000000 0.000000 1.000000
0.999997 0.001957 0.001263 0.167857 0.002218 -0.634874 -0.772613 8.612991 -0.000710 0.772613 -0.634876 -8.381607 0.000000 0.000000 0.000000 1.000000
0.999997 0.001889 0.001363 0.168255 0.002218 -0.594076 -0.804406 8.408939 -0.000710 0.804407 -0.594078 -8.457850 0.000000 0.000000 0.000000 1.000000
0.999997 0.001816 0.001459 0.168670 0.002218 -0.551689 -0.834047 8.201221 -0.000710 0.834048 -0.551691 -8.523440 0.000000 0.000000 0.000000 1.000000
0.999997 0.001738 0.001551 0.169098 0.002218 -0.507826 -0.861457 7.990392 -0.000710 0.861458 -0.507829 -8.578201 0.000000 0.000000 0.000000 1.000000
0.999997 0.001655 0.001638 0.169541 0.002218 -0.462605 -0.886562 7.777012 -0.000710 0.886563 -0.462607 -8.621988 0.000000 0.000000 0.000000 1.000000
0.999997 0.001568 0.001722 0.169995 0.002218 -0.416145 -0.909295 7.561650 -0.000710 0.909297 -0.416148 -8.654684 0.000000 0.000000 0.000000 1.000000
0.999997 0.001477 0.001801 0.170461 0.002218 -0.368571 -0.929597 7.344878 -0.000710 0.929598 -0.368573 -8.676202 0.000000 0.000000 0.000000 1.000000
0.999997 0.001382 0.001874 0.170936 0.002218 -0.320008 -0.947412 7.127274 -0.000710 0.947414 -0.320010 -8.686481 0.000000 0.000000 0.000000 1.000000
0.999997 0.001283 0.001943 0.171420 0.002218 -0.270587 -0.962693 6.909419 -0.000710 0.962695 -0.270589 -8.685495 0.000000 0.000000 0.000000 1.000000
0.999997 0.001181 0.002007 0.171911 0.002218 -0.220437 -0.975399 6.691889 -0.000710 0.975400 -0.220439 -8.673243 0.000000 0.000000 0.000000 1.000000
0.999997 0.001076 0.002066 0.172409 0.002218 -0.169693 -0.985494 6.475266 -0.000710 0.985496 -0.169695 -8.649754 0.000000 0.000000 0.000000 1.000000
0.999997 0.000967 0.002119 0.172910 0.002218 -0.118491 -0.992953 6.260128 -0.000710 0.992955 -0.118493 -8.615089 0.000000 0.000000 0.000000 1.000000
0.999997 0.000857 0.002166 0.173415 0.002218 -0.066965 -0.997753 6.047048 -0.000710 0.997755 -0.066967 -8.569337 0.000000 0.000000 0.000000 1.000000
0.999997 0.000743 0.002207 0.173923 0.002218 -0.015254 -0.999881 5.836596 -0.000710 0.999883 -0.015256 -8.512615 0.000000 0.000000 0.000000 1.000000
0.999997 0.000624 0.002244 0.174447 0.002218 0.038168 -0.999269 5.622728 -0.000710 0.999271 0.038167 -8.442723 0.000000 0.000000 0.000000 1.000000
0.999997 0.000497 0.002275 0.175000 0.002218 0.094575 -0.995515 5.400833 -0.000710 0.995518 0.094574 -8.356441 0.000000 0.000000 0.000000 1.000000
0.999997 0.000361 0.002301 0.175577 0.002218 0.153409 -0.988160 5.173733 -0.000710 0.988163 0.153408 -8.252627 0.000000 0.000000 0.000000 1.000000
0.999997 0.000218 0.002319 0.176173 0.002218 0.214065 -0.976817 4.944345 -0.000710 0.976819 0.214064 -8.130487 0.000000 0.000000 0.000000 1.000000
0.999997 0.000070 0.002328 0.176780 0.002218 0.275897 -0.961185 4.715647 -0.000710 0.961187 0.275896 -7.989631 0.000000 0.000000 0.000000 1.000000
0.999997 -0.000083 0.002327 0.177393 0.002218 0.338232 -0.941060 4.490600 -0.000710 0.941063 0.338231 -7.830093 0.000000 0.000000 0.000000 1.000000
0.999997 -0.000238 0.002317 0.178003 0.002218 0.400381 -0.916346 4.272091 -0.000710 0.916349 0.400380 -7.652348 0.000000 0.000000 0.000000 1.000000
0.999997 -0.000395 0.002295 0.178606 0.002218 0.461658 -0.887055 4.062865 -0.000710 0.887058 0.461657 -7.457315 0.000000 0.000000 0.000000 1.000000
0.999997 -0.000551 0.002263 0.179193 0.002218 0.521395 -0.853313 3.865443 -0.000710 0.853315 0.521395 -7.246338 0.000000 0.000000 0.000000 1.000000
0.999997 -0.000706 0.002219 0.179760 0.002218 0.578960 -0.815353 3.682073 -0.000710 0.815356 0.578960 -7.021163 0.000000 0.000000 0.000000 1.000000
0.999997 -0.000857 0.002166 0.180300 0.002218 0.633772 -0.773517 3.514655 -0.000710 0.773520 0.633772 -6.783884 0.000000 0.000000 0.000000 1.000000
0.999997 -0.001003 0.002102 0.180808 0.002218 0.685319 -0.728239 3.364699 -0.000710 0.728242 0.685320 -6.536900 0.000000 0.000000 0.000000 1.000000
0.999997 -0.001144 0.002029 0.181279 0.002218 0.733172 -0.680040 3.233276 -0.000710 0.680043 0.733172 -6.282841 0.000000 0.000000 0.000000 1.000000
0.999997 -0.001277 0.001948 0.181712 0.002218 0.776991 -0.629508 3.121003 -0.000710 0.629510 0.776992 -6.024499 0.000000 0.000000 0.000000 1.000000
0.999997 -0.001402 0.001860 0.182102 0.002218 0.816538 -0.577287 3.028025 -0.000710 0.577289 0.816539 -5.764766 0.000000 0.000000 0.000000 1.000000
0.999997 -0.001517 0.001767 0.182450 0.002218 0.851679 -0.524059 2.954023 -0.000710 0.524062 0.851680 -5.506549 0.000000 0.000000 0.000000 1.000000
0.999997 -0.001623 0.001670 0.182754 0.002218 0.882382 -0.470528 2.898233 -0.000710 0.470531 0.882383 -5.252716 0.000000 0.000000 0.000000 1.000000
0.999997 -0.001720 0.001571 0.183015 0.002218 0.908719 -0.417402 2.859475 -0.000710 0.417404 0.908721 -5.006018 0.000000 0.000000 0.000000 1.000000
0.999997 -0.001806 0.001471 0.183234 0.002218 0.930856 -0.365379 2.836199 -0.000710 0.365381 0.930858 -4.769055 0.000000 0.000000 0.000000 1.000000
0.999997 -0.001882 0.001372 0.183415 0.002218 0.949044 -0.315137 2.826544 -0.000710 0.315139 0.949045 -4.544237 0.000000 0.000000 0.000000 1.000000
0.999997 -0.001948 0.001277 0.183561 0.002218 0.963604 -0.267323 2.828394 -0.000710 0.267326 0.963606 -4.333749 0.000000 0.000000 0.000000 1.000000
0.999997 -0.002005 0.001185 0.183674 0.002218 0.974920 -0.222544 2.839453 -0.000710 0.222546 0.974922 -4.139551 0.000000 0.000000 0.000000 1.000000
0.999997 -0.002053 0.001100 0.183759 0.002218 0.983413 -0.181365 2.857307 -0.000710 0.181367 0.983415 -3.963379 0.000000 0.000000 0.000000 1.000000
0.999997 -0.002093 0.001022 0.183821 0.002218 0.989531 -0.144306 2.879507 -0.000710 0.144308 0.989533 -3.806761 0.000000 0.000000 0.000000 1.000000
0.999997 -0.002125 0.000953 0.183864 0.002218 0.993723 -0.111846 2.903635 -0.000710 0.111848 0.993725 -3.671051 0.000000 0.000000 0.000000 1.000000
0.999997 -0.002150 0.000894 0.183892 0.002218 0.996427 -0.084427 2.927380 -0.000710 0.084429 0.996429 -3.557472 0.000000 0.000000 0.000000 1.000000
0.999997 -0.002170 0.000847 0.183909 0.002218 0.998045 -0.062456 2.948613 -0.000710 0.062457 0.998047 -3.467151 0.000000 0.000000 0.000000 1.000000
0.999997 -0.002183 0.000812 0.183918 0.002218 0.998924 -0.046316 2.965454 -0.000710 0.046318 0.998927 -3.401195 0.000000 0.000000 0.000000 1.000000
0.999997 -0.002191 0.000790 0.183923 0.002218 0.999336 -0.036373 2.976351 -0.000710 0.036374 0.999338 -3.360726 0.000000 0.000000 0.000000 1.000000
0.999997 -0.002194 0.000782 0.183924 0.002218 0.999454 -0.032981 2.980160 -0.000710 0.032983 0.999456 -3.346949 0.000000 0.000000 0.000000 1.000000</float_array><technique_common><accessor source="#pCone1-Matrix-animation-output-transform-array" count="120" stride="16"><param type="float4x4"/></accessor></technique_common></source><source id="pCone1-Interpolations"><Name_array id="pCone1-Interpolations-array" count="120">
 LINEAR LINEAR LINEAR LINEAR LINEAR LINEAR LINEAR LINEAR LINEAR LINEAR LINEAR
LINEAR LINEAR LINEAR LINEAR LINEAR LINEAR LINEAR LINEAR LINEAR LINEAR LINEAR LINEAR
LINEAR LINEAR LINEAR LINEAR LINEAR LINEAR LINEAR LINEAR LINEAR LINEAR LINEAR LINEAR
LINEAR LINEAR LINEAR LINEAR LINEAR LINEAR LINEAR LINEAR LINEAR LINEAR LINEAR LINEAR
LINEAR LINEAR LINEAR LINEAR LINEAR LINEAR LINEAR LINEAR LINEAR LINEAR LINEAR LINEAR
LINEAR LINEAR LINEAR LINEAR LINEAR LINEAR LINEAR LINEAR LINEAR LINEAR LINEAR LINEAR
LINEAR LINEAR LINEAR LINEAR LINEAR LINEAR LINEAR LINEAR LINEAR LINEAR LINEAR LINEAR
LINEAR LINEAR LINEAR LINEAR LINEAR LINEAR LINEAR LINEAR LINEAR LINEAR LINEAR LINEAR
LINEAR LINEAR LINEAR LINEAR LINEAR LINEAR LINEAR LINEAR LINEAR LINEAR LINEAR LINEAR
LINEAR LINEAR LINEAR LINEAR LINEAR LINEAR LINEAR LINEAR LINEAR LINEAR LINEAR LINEAR
LINEAR</Name_array><technique_common><accessor source="#pCone1-Interpolations-array" count="120"><param type="name"/></accessor></technique_common></source><sampler id="pCone1-Matrix-animation-transform"><input semantic="INPUT" source="#pCone1-Matrix-animation-input"/><input semantic="OUTPUT" source="#pCone1-Matrix-animation-output-transform"/><input semantic="INTERPOLATION" source="#pCone1-Interpolations"/></sampler><channel source="#pCone1-Matrix-animation-transform" target="pCone1/matrix"/></animation><animation><source id="pCone1-visibility-animation-input"><float_array id="pCone1-visibility-animation-input-array" count="5">

0.041667 1.250000 2.500000 3.750000 5.000000</float_array><technique_common><accessor source="#pCone1-visibility-animation-input-array" count="5"><param name="TIME" type="float"/></accessor></technique_common></source><source id="pCone1-visibility-animation-output"><float_array id="pCone1-visibility-animation-output-array" count="5">

1.000000 1.000000 1.000000 1.000000 1.000000</float_array><technique_common><accessor source="#pCone1-visibility-animation-output-array" count="5"><param type="float"/></accessor></technique_common></source><source id="pCone1-visibility-animation-intan"><float_array id="pCone1-visibility-animation-intan-array" count="5">

0.000000 0.000000 0.000000 0.000000 0.000000</float_array><technique_common><accessor source="#pCone1-visibility-animation-intan-array" count="5"><param type="float"/></accessor></technique_common></source><source id="pCone1-visibility-animation-outtan"><float_array id="pCone1-visibility-animation-outtan-array" count="5">

0.000000 0.000000 0.000000 0.000000 0.000000</float_array><technique_common><accessor source="#pCone1-visibility-animation-outtan-array" count="5"><param type="float"/></accessor></technique_common></source><source id="pCone1-visibility-animation-interpolation"><Name_array id="pCone1-visibility-animation-interpolation-array" count="5">
 STEP STEP STEP STEP STEP</Name_array><technique_common><accessor source="#pCone1-visibility-animation-interpolation-array" count="5"><param type="name"/></accessor></technique_common></source><sampler id="pCone1-visibility-animation"><input semantic="INPUT" source="#pCone1-visibility-animation-input"/><input semantic="OUTPUT" source="#pCone1-visibility-animation-output"/><input semantic="IN_TANGENT" source="#pCone1-visibility-animation-intan"/><input semantic="OUT_TANGENT" source="#pCone1-visibility-animation-outtan"/><input semantic="INTERPOLATION" source="#pCone1-visibility-animation-interpolation"/></sampler><channel source="#pCone1-visibility-animation" target="pCone1/visibility"/></animation></animation>
  </library_animations>
  <library_visual_scenes>
    <visual_scene id="cone5" name="cone5">
      <node name="pCone1" id="pCone1" sid="pCone1"><matrix sid="matrix">0.999997 -0.002218 0.000710 0.183931 0.002218 0.999998 0.000009 3.019615 -0.000710 -0.000007 1.000000 -3.213716 0.000000 0.000000 0.000000 1.000000</matrix><instance_geometry url="#pCone1-lib"><bind_material><technique_common><instance_material symbol="lambert1" target="#lambert1"/></technique_common></bind_material></instance_geometry><extra><technique profile="FCOLLADA"><visibility>1.000000</visibility></technique></extra></node>
      <extra><technique profile="MAX3D"><frame_rate>24.000000</frame_rate></technique><technique profile="FCOLLADA"><start_time>0.041667</start_time><end_time>5.000000</end_time></technique></extra>
    </visual_scene>
  </library_visual_scenes>
  <scene>
    <instance_visual_scene url="#cone5"></instance_visual_scene>
  </scene>
</COLLADA>
