<?xml version="1.0" encoding="utf-8"?>
<COLLADA xmlns="http://www.collada.org/2005/11/COLLADASchema" version="1.4.1">
  <asset><contributor><author></author><authoring_tool>FBX COLLADA exporter</authoring_tool><comments></comments></contributor><created>2015-08-13T18:42:39Z</created><keywords></keywords><modified>2015-08-13T18:42:39Z</modified><revision></revision><subject></subject><title></title><unit meter="0.010000" name="centimeter"></unit><up_axis>Y_UP</up_axis></asset>
  <library_materials>
    <material id="lambert1" name="lambert1">
      <instance_effect url="#lambert1-fx"/>
    </material>
  </library_materials>
  <library_effects>
    <effect id="lambert1-fx" name="lambert1">
      <profile_COMMON>
        <technique sid="standard">
          <lambert>
            <emission>
              <color sid="emission">0.000000  0.000000 0.000000 1.000000</color>
            </emission>
            <ambient>
              <color sid="ambient">0.000000  0.000000 0.000000 1.000000</color>
            </ambient>
            <diffuse>
              <color sid="diffuse">0.400000  0.400000 0.400000 1.000000</color>
            </diffuse>
            <transparent opaque="RGB_ZERO">
              <color sid="transparent">0.000000  0.000000 0.000000 1.000000</color>
            </transparent>
            <transparency>
              <float sid="transparency">1.000000</float>
            </transparency>
          </lambert>
        </technique>
      </profile_COMMON>
    </effect>
  </library_effects>
  <library_geometries>
    <geometry id="pCone1-lib" name="pCone1Mesh">
      <mesh>
        <source id="pCone1-POSITION">
          <float_array id="pCone1-POSITION-array" count="63">
2.403470 -2.988883 -0.780935
2.044514 -2.988883 -1.485426
1.485426 -2.988883 -2.044513
0.780935 -2.988883 -2.403470
0.000000 -2.988883 -2.527157
-0.780935 -2.988883 -2.403469
-1.485426 -2.988883 -2.044513
-2.044513 -2.988883 -1.485425
-2.403469 -2.988883 -0.780934
-2.527157 -2.988883 0.000000
-2.403469 -2.988883 0.780934
-2.044513 -2.988883 1.485425
-1.485425 -2.988883 2.044513
-0.780934 -2.988883 2.403469
-0.000000 -2.988883 2.527156
0.780934 -2.988883 2.403469
1.485425 -2.988883 2.044513
2.044512 -2.988883 1.485425
2.403468 -2.988883 0.780934
2.527156 -2.988883 0.000000
0.000000 2.988883 0.000000
</float_array>
          <technique_common>
            <accessor source="#pCone1-POSITION-array" count="21" stride="3">
              <param name="X" type="float"/>
              <param name="Y" type="float"/>
              <param name="Z" type="float"/>
            </accessor>
          </technique_common>
        </source>
        <source id="pCone1-Normal0">
          <float_array id="pCone1-Normal0-array" count="342">
0.000000 -1.000000 -0.000000
0.000000 -1.000000 -0.000000
0.000000 -1.000000 -0.000000
0.000000 -1.000000 -0.000000
0.000000 -1.000000 -0.000000
0.000000 -1.000000 -0.000000
0.000000 -1.000000 -0.000000
0.000000 -1.000000 -0.000000
0.000000 -1.000000 -0.000000
0.000000 -1.000000 -0.000000
0.000000 -1.000000 -0.000000
0.000000 -1.000000 -0.000000
0.000000 -1.000000 -0.000000
0.000000 -1.000000 -0.000000
0.000000 -1.000000 -0.000000
0.000000 -1.000000 -0.000000
0.000000 -1.000000 -0.000000
0.000000 -1.000000 -0.000000
0.000000 -1.000000 -0.000000
0.000000 -1.000000 -0.000000
0.000000 -1.000000 -0.000000
0.000000 -1.000000 -0.000000
0.000000 -1.000000 -0.000000
0.000000 -1.000000 -0.000000
0.000000 -1.000000 -0.000000
0.000000 -1.000000 -0.000000
0.000000 -1.000000 -0.000000
0.000000 -1.000000 -0.000000
0.000000 -1.000000 -0.000000
0.000000 -1.000000 -0.000000
0.000000 -1.000000 -0.000000
0.000000 -1.000000 -0.000000
0.000000 -1.000000 -0.000000
0.000000 -1.000000 -0.000000
0.000000 -1.000000 -0.000000
0.000000 -1.000000 -0.000000
0.000000 -1.000000 -0.000000
0.000000 -1.000000 -0.000000
0.000000 -1.000000 -0.000000
0.000000 -1.000000 -0.000000
0.000000 -1.000000 -0.000000
0.000000 -1.000000 -0.000000
0.000000 -1.000000 -0.000000
0.000000 -1.000000 -0.000000
0.000000 -1.000000 -0.000000
0.000000 -1.000000 -0.000000
0.000000 -1.000000 -0.000000
0.000000 -1.000000 -0.000000
0.000000 -1.000000 -0.000000
0.000000 -1.000000 -0.000000
0.000000 -1.000000 -0.000000
0.000000 -1.000000 -0.000000
0.000000 -1.000000 -0.000000
0.000000 -1.000000 -0.000000
0.875992 0.389392 -0.284626
0.745163 0.389392 -0.541393
-0.000000 1.000000 -0.000001
0.745163 0.389392 -0.541393
0.541392 0.389392 -0.745163
-0.000000 1.000000 -0.000001
0.541392 0.389392 -0.745163
0.284627 0.389392 -0.875992
-0.000000 1.000000 -0.000001
0.284627 0.389392 -0.875992
-0.000000 0.389392 -0.921072
-0.000000 1.000000 -0.000001
-0.000000 0.389392 -0.921072
-0.284627 0.389392 -0.875992
-0.000000 1.000000 -0.000001
-0.284627 0.389392 -0.875992
-0.541393 0.389392 -0.745163
-0.000000 1.000000 -0.000001
-0.541393 0.389392 -0.745163
-0.745163 0.389392 -0.541392
-0.000000 1.000000 -0.000001
-0.745163 0.389392 -0.541392
-0.875992 0.389392 -0.284627
-0.000000 1.000000 -0.000001
-0.875992 0.389392 -0.284627
-0.921072 0.389392 0.000000
-0.000000 1.000000 -0.000001
-0.921072 0.389392 0.000000
-0.875992 0.389392 0.284627
-0.000000 1.000000 -0.000001
-0.875992 0.389392 0.284627
-0.745163 0.389392 0.541393
-0.000000 1.000000 -0.000001
-0.745163 0.389392 0.541393
-0.541393 0.389392 0.745163
-0.000000 1.000000 -0.000001
-0.541393 0.389392 0.745163
-0.284627 0.389392 0.875992
-0.000000 1.000000 -0.000001
-0.284627 0.389392 0.875992
0.000000 0.389392 0.921072
-0.000000 1.000000 -0.000001
0.000000 0.389392 0.921072
0.284627 0.389392 0.875992
-0.000000 1.000000 -0.000001
0.284627 0.389392 0.875992
0.541393 0.389392 0.745163
-0.000000 1.000000 -0.000001
0.541393 0.389392 0.745163
0.745163 0.389392 0.541393
-0.000000 1.000000 -0.000001
0.745163 0.389392 0.541393
0.875992 0.389392 0.284627
-0.000000 1.000000 -0.000001
0.875992 0.389392 0.284627
0.921072 0.389392 0.000001
-0.000000 1.000000 -0.000001
0.921072 0.389392 0.000001
0.875992 0.389392 -0.284626
-0.000000 1.000000 -0.000001
</float_array>
          <technique_common>
            <accessor source="#pCone1-Normal0-array" count="114" stride="3">
              <param name="X" type="float"/>
              <param name="Y" type="float"/>
              <param name="Z" type="float"/>
            </accessor>
          </technique_common>
        </source>
        <source id="pCone1-UV0">
          <float_array id="pCone1-UV0-array" count="84">
0.737764 0.172746
0.702254 0.103054
0.646946 0.047746
0.577254 0.012236
0.500000 -0.000000
0.422746 0.012236
0.353054 0.047746
0.297746 0.103054
0.262236 0.172746
0.250000 0.250000
0.262236 0.327254
0.297746 0.396946
0.353054 0.452254
0.422746 0.487764
0.500000 0.500000
0.577254 0.487764
0.646946 0.452254
0.702254 0.396946
0.737764 0.327254
0.750000 0.250000
0.250000 0.500000
0.275000 0.500000
0.300000 0.500000
0.325000 0.500000
0.350000 0.500000
0.375000 0.500000
0.400000 0.500000
0.425000 0.500000
0.450000 0.500000
0.475000 0.500000
0.500000 0.500000
0.525000 0.500000
0.550000 0.500000
0.575000 0.500000
0.600000 0.500000
0.625000 0.500000
0.650000 0.500000
0.675000 0.500000
0.700000 0.500000
0.725000 0.500000
0.750000 0.500000
0.500000 1.000000
</float_array>
          <technique_common>
            <accessor source="#pCone1-UV0-array" count="42" stride="2">
              <param name="S" type="float"/>
              <param name="T" type="float"/>
            </accessor>
          </technique_common>
        </source>
        <vertices id="pCone1-VERTEX">
          <input semantic="POSITION" source="#pCone1-POSITION"/>
        </vertices>
        <triangles count="38" material="lambert1"><input semantic="VERTEX" offset="0" source="#pCone1-VERTEX"/><input semantic="NORMAL" offset="1" source="#pCone1-Normal0"/><input semantic="TEXCOORD" offset="2" set="0" source="#pCone1-UV0"/><p> 17 0 17 19 1 19 18 2 18 14 3 14 19 4 19 17 5 17 12 6 12 8 7 8 19 8 19 19 9 19 7 10 7 5 11 5 8 12 8 12 13 12 10 14 10 19 15 19 1 16 1 0 17 0 16 18 16 14 19 14 17 20 17 14 21 14 16 22 16 15 23 15 12 24 12 19 25 19 14 26 14 12 27 12 14 28 14 13 29 13 10 30 10 12 31 12 11 32 11 8 33 8 10 34 10 9 35 9 7 36 7 19 37 19 8 38 8 5 39 5 7 40 7 6 41 6 4 42 4 19 43 19 5 44 5 3 45 3 19 46 19 4 47 4 2 48 2 19 49 19 3 50 3 1 51 1 19 52 19 2 53 2 0 54 20 1 55 21 20 56 41 1 57 21 2 58 22 20 59 41 2 60 22 3 61 23 20 62 41 3 63 23 4 64 24 20 65 41 4 66 24 5 67 25 20 68 41 5 69 25 6 70 26 20 71 41 6 72 26 7 73 27 20 74 41 7 75 27 8 76 28 20 77 41 8 78 28 9 79 29 20 80 41 9 81 29 10 82 30 20 83 41 10 84 30 11 85 31 20 86 41 11 87 31 12 88 32 20 89 41 12 90 32 13 91 33 20 92 41 13 93 33 14 94 34 20 95 41 14 96 34 15 97 35 20 98 41 15 99 35 16 100 36 20 101 41 16 102 36 17 103 37 20 104 41 17 105 37 18 106 38 20 107 41 18 108 38 19 109 39 20 110 41 19 111 39 0 112 40 20 113 41</p></triangles>
      </mesh>
    </geometry>
  </library_geometries>
  <library_animations>
    <animation id="pCone1-anim" name="pCone1"><animation><source id="pCone1-Matrix-animation-input"><float_array id="pCone1-Matrix-animation-input-array" count="120">

0.041667 0.083333 0.125000 0.166667 0.208333 0.250000 0.291667 0.333333 0.375000 0.416667 0.458333 0.500000 0.541667 0.583333 0.625000 0.666667
0.708333 0.750000 0.791667 0.833333 0.875000 0.916667 0.958333 1.000000 1.041667 1.083333 1.125000 1.166667 1.208333 1.250000 1.291667 1.333333
1.375000 1.416667 1.458333 1.500000 1.541667 1.583333 1.625000 1.666667 1.708333 1.750000 1.791667 1.833333 1.875000 1.916667 1.958333 2.000000
2.041667 2.083333 2.125000 2.166667 2.208333 2.250000 2.291667 2.333333 2.375000 2.416667 2.458333 2.500000 2.541667 2.583333 2.625000 2.666667
2.708333 2.750000 2.791667 2.833333 2.875000 2.916667 2.958333 3.000000 3.041667 3.083333 3.125000 3.166667 3.208333 3.250000 3.291667 3.333333
3.375000 3.416667 3.458333 3.500000 3.541667 3.583333 3.625000 3.666667 3.708333 3.750000 3.791667 3.833333 3.875000 3.916667 3.958333 4.000000
4.041667 4.083333 4.125000 4.166667 4.208333 4.250000 4.291667 4.333333 4.375000 4.416667 4.458333 4.500000 4.541667 4.583333 4.625000 4.666667
4.708333 4.750000 4.791667 4.833333 4.875000 4.916667 4.958333 5.000000</float_array><technique_common><accessor source="#pCone1-Matrix-animation-input-array" count="120"><param name="TIME" type="float"/></accessor></technique_common></source><source id="pCone1-Matrix-animation-output-transform"><float_array id="pCone1-Matrix-animation-output-transform-array" count="1920">

1.000000 0.000000 0.000000 0.023295 0.000000 1.000000 0.000000 2.988883 0.000000 0.000000 1.000000 0.029078 0.000000 0.000000 0.000000 1.000000
1.000000 0.000000 0.000000 0.023295 0.000000 1.000000 0.000000 2.988883 0.000000 0.000000 1.000000 0.029078 0.000000 0.000000 0.000000 1.000000
1.000000 0.000000 0.000000 0.023295 0.000000 1.000000 0.000000 2.988883 0.000000 0.000000 1.000000 0.029078 0.000000 0.000000 0.000000 1.000000
1.000000 0.000000 0.000000 0.023295 0.000000 1.000000 0.000000 2.988883 0.000000 0.000000 1.000000 0.029078 0.000000 0.000000 0.000000 1.000000
1.000000 0.000000 0.000000 0.023295 0.000000 1.000000 0.000000 2.988883 0.000000 0.000000 1.000000 0.029078 0.000000 0.000000 0.000000 1.000000
1.000000 0.000000 0.000000 0.023295 0.000000 1.000000 0.000000 2.988883 0.000000 0.000000 1.000000 0.029078 0.000000 0.000000 0.000000 1.000000
1.000000 0.000000 0.000000 0.023295 0.000000 1.000000 0.000000 2.988883 0.000000 0.000000 1.000000 0.029078 0.000000 0.000000 0.000000 1.000000
1.000000 0.000000 0.000000 0.023295 0.000000 1.000000 0.000000 2.988883 0.000000 0.000000 1.000000 0.029078 0.000000 0.000000 0.000000 1.000000
1.000000 0.000000 0.000000 0.023295 0.000000 1.000000 0.000000 2.988883 0.000000 0.000000 1.000000 0.029078 0.000000 0.000000 0.000000 1.000000
1.000000 0.000000 0.000000 0.023295 0.000000 1.000000 0.000000 2.988883 0.000000 0.000000 1.000000 0.029078 0.000000 0.000000 0.000000 1.000000
1.000000 0.000000 0.000000 0.023295 0.000000 1.000000 0.000000 2.988883 0.000000 0.000000 1.000000 0.029078 0.000000 0.000000 0.000000 1.000000
0.999994 0.003322 0.000000 0.023295 -0.003322 0.999994 0.000000 2.988883 0.000000 0.000000 1.000000 0.029078 0.000000 0.000000 0.000000 1.000000
0.999915 0.013071 0.000000 0.023295 -0.013071 0.999915 0.000000 2.988883 0.000000 0.000000 1.000000 0.029078 0.000000 0.000000 0.000000 1.000000
0.999582 0.028925 0.000000 0.023295 -0.028925 0.999582 0.000000 2.988883 0.000000 0.000000 1.000000 0.029078 0.000000 0.000000 0.000000 1.000000
0.998722 0.050549 0.000000 0.023295 -0.050549 0.998722 0.000000 2.988883 0.000000 0.000000 1.000000 0.029078 0.000000 0.000000 0.000000 1.000000
0.996985 0.077597 0.000000 0.023295 -0.077597 0.996985 0.000000 2.988883 0.000000 0.000000 1.000000 0.029078 0.000000 0.000000 0.000000 1.000000
0.993965 0.109699 0.000000 0.023295 -0.109699 0.993965 0.000000 2.988883 0.000000 0.000000 1.000000 0.029078 0.000000 0.000000 0.000000 1.000000
0.989217 0.146456 0.000000 0.023295 -0.146456 0.989217 0.000000 2.988883 0.000000 0.000000 1.000000 0.029078 0.000000 0.000000 0.000000 1.000000
0.982278 0.187430 0.000000 0.023295 -0.187430 0.982278 0.000000 2.988883 0.000000 0.000000 1.000000 0.029078 0.000000 0.000000 0.000000 1.000000
0.972681 0.232144 0.000000 0.023295 -0.232144 0.972681 0.000000 2.988883 0.000000 0.000000 1.000000 0.029078 0.000000 0.000000 0.000000 1.000000
0.959978 0.280074 0.000000 0.023295 -0.280074 0.959978 0.000000 2.988883 0.000000 0.000000 1.000000 0.029078 0.000000 0.000000 0.000000 1.000000
0.943754 0.330649 0.000000 0.023295 -0.330649 0.943754 0.000000 2.988883 0.000000 0.000000 1.000000 0.029078 0.000000 0.000000 0.000000 1.000000
0.923641 0.383258 0.000000 0.023295 -0.383258 0.923641 0.000000 2.988883 0.000000 0.000000 1.000000 0.029078 0.000000 0.000000 0.000000 1.000000
0.899340 0.437250 0.000000 0.023295 -0.437250 0.899340 0.000000 2.988883 0.000000 0.000000 1.000000 0.029078 0.000000 0.000000 0.000000 1.000000
0.870627 0.491943 0.000000 0.023295 -0.491943 0.870627 0.000000 2.988883 0.000000 0.000000 1.000000 0.029078 0.000000 0.000000 0.000000 1.000000
0.837368 0.546640 0.000000 0.023295 -0.546640 0.837368 0.000000 2.988883 0.000000 0.000000 1.000000 0.029078 0.000000 0.000000 0.000000 1.000000
0.799524 0.600634 0.000000 0.023295 -0.600634 0.799524 0.000000 2.988883 0.000000 0.000000 1.000000 0.029078 0.000000 0.000000 0.000000 1.000000
0.757161 0.653228 0.000000 0.023295 -0.653228 0.757161 0.000000 2.988883 0.000000 0.000000 1.000000 0.029078 0.000000 0.000000 0.000000 1.000000
0.710446 0.703752 0.000000 0.023295 -0.703752 0.710446 0.000000 2.988883 0.000000 0.000000 1.000000 0.029078 0.000000 0.000000 0.000000 1.000000
0.659649 0.751574 0.000000 0.023295 -0.751574 0.659649 0.000000 2.988883 0.000000 0.000000 1.000000 0.029078 0.000000 0.000000 0.000000 1.000000
0.605137 0.796121 0.000000 0.023295 -0.796121 0.605137 0.000000 2.988883 0.000000 0.000000 1.000000 0.029078 0.000000 0.000000 0.000000 1.000000
0.547365 0.836894 0.000000 0.023295 -0.836894 0.547365 0.000000 2.988883 0.000000 0.000000 1.000000 0.029078 0.000000 0.000000 0.000000 1.000000
0.486866 0.873477 0.000000 0.023295 -0.873477 0.486866 0.000000 2.988883 0.000000 0.000000 1.000000 0.029078 0.000000 0.000000 0.000000 1.000000
0.424233 0.905553 0.000000 0.023295 -0.905553 0.424233 0.000000 2.988883 0.000000 0.000000 1.000000 0.029078 0.000000 0.000000 0.000000 1.000000
0.360110 0.932910 0.000000 0.023295 -0.932910 0.360110 0.000000 2.988883 0.000000 0.000000 1.000000 0.029078 0.000000 0.000000 0.000000 1.000000
0.295169 0.955445 0.000000 0.023295 -0.955445 0.295169 0.000000 2.988883 0.000000 0.000000 1.000000 0.029078 0.000000 0.000000 0.000000 1.000000
0.230097 0.973168 0.000000 0.023295 -0.973168 0.230097 0.000000 2.988883 0.000000 0.000000 1.000000 0.029078 0.000000 0.000000 0.000000 1.000000
0.165576 0.986197 0.000000 0.023295 -0.986197 0.165576 0.000000 2.988883 0.000000 0.000000 1.000000 0.029078 0.000000 0.000000 0.000000 1.000000
0.102269 0.994757 0.000000 0.023295 -0.994757 0.102269 0.000000 2.988883 0.000000 0.000000 1.000000 0.029078 0.000000 0.000000 0.000000 1.000000
0.040807 0.999167 0.000000 0.023295 -0.999167 0.040807 0.000000 2.988883 0.000000 0.000000 1.000000 0.029078 0.000000 0.000000 0.000000 1.000000
-0.018224 0.999834 0.000000 0.023295 -0.999834 -0.018224 0.000000 2.988883 0.000000 0.000000 1.000000 0.029078 0.000000 0.000000 0.000000 1.000000
-0.076582 0.997063 0.000000 0.023295 -0.997063 -0.076582 0.000000 2.988883 0.000000 0.000000 1.000000 0.029078 0.000000 0.000000 0.000000 1.000000
-0.136199 0.990682 0.000000 0.023295 -0.990682 -0.136199 0.000000 2.988883 0.000000 0.000000 1.000000 0.029078 0.000000 0.000000 0.000000 1.000000
-0.196774 0.980449 0.000000 0.023295 -0.980449 -0.196774 0.000000 2.988883 0.000000 0.000000 1.000000 0.029078 0.000000 0.000000 0.000000 1.000000
-0.257976 0.966151 0.000000 0.023295 -0.966151 -0.257976 0.000000 2.988883 0.000000 0.000000 1.000000 0.029078 0.000000 0.000000 0.000000 1.000000
-0.319448 0.947604 0.000000 0.023295 -0.947604 -0.319448 0.000000 2.988883 0.000000 0.000000 1.000000 0.029078 0.000000 0.000000 0.000000 1.000000
-0.380805 0.924655 0.000000 0.023295 -0.924655 -0.380805 0.000000 2.988883 0.000000 0.000000 1.000000 0.029078 0.000000 0.000000 0.000000 1.000000
-0.441642 0.897191 0.000000 0.023295 -0.897191 -0.441642 0.000000 2.988883 0.000000 0.000000 1.000000 0.029078 0.000000 0.000000 0.000000 1.000000
-0.501534 0.865138 0.000000 0.023295 -0.865138 -0.501534 0.000000 2.988883 0.000000 0.000000 1.000000 0.029078 0.000000 0.000000 0.000000 1.000000
-0.560043 0.828463 0.000000 0.023295 -0.828463 -0.560043 0.000000 2.988883 0.000000 0.000000 1.000000 0.029078 0.000000 0.000000 0.000000 1.000000
-0.616721 0.787182 0.000000 0.023295 -0.787182 -0.616721 0.000000 2.988883 0.000000 0.000000 1.000000 0.029078 0.000000 0.000000 0.000000 1.000000
-0.671112 0.741356 0.000000 0.023295 -0.741356 -0.671112 0.000000 2.988883 0.000000 0.000000 1.000000 0.029078 0.000000 0.000000 0.000000 1.000000
-0.722763 0.691096 0.000000 0.023295 -0.691096 -0.722763 0.000000 2.988883 0.000000 0.000000 1.000000 0.029078 0.000000 0.000000 0.000000 1.000000
-0.771226 0.636561 0.000000 0.023295 -0.636561 -0.771226 0.000000 2.988883 0.000000 0.000000 1.000000 0.029078 0.000000 0.000000 0.000000 1.000000
-0.816064 0.577962 0.000000 0.023295 -0.577962 -0.816064 0.000000 2.988883 0.000000 0.000000 1.000000 0.029078 0.000000 0.000000 0.000000 1.000000
-0.856856 0.515556 0.000000 0.023295 -0.515556 -0.856856 0.000000 2.988883 0.000000 0.000000 1.000000 0.029078 0.000000 0.000000 0.000000 1.000000
-0.893206 0.449648 0.000000 0.023295 -0.449648 -0.893206 0.000000 2.988883 0.000000 0.000000 1.000000 0.029078 0.000000 0.000000 0.000000 1.000000
-0.924744 0.380590 0.000000 0.023295 -0.380590 -0.924744 0.000000 2.988883 0.000000 0.000000 1.000000 0.029078 0.000000 0.000000 0.000000 1.000000
-0.951136 0.308773 0.000000 0.023295 -0.308773 -0.951136 0.000000 2.988883 0.000000 0.000000 1.000000 0.029078 0.000000 0.000000 0.000000 1.000000
-0.972085 0.234628 0.000000 0.023295 -0.234628 -0.972085 0.000000 2.988883 0.000000 0.000000 1.000000 0.029078 0.000000 0.000000 0.000000 1.000000
-0.987340 0.158620 0.000000 0.023295 -0.158620 -0.987340 0.000000 2.988883 0.000000 0.000000 1.000000 0.029078 0.000000 0.000000 0.000000 1.000000
-0.996694 0.081243 0.000000 0.023295 -0.081243 -0.996694 0.000000 2.988883 0.000000 0.000000 1.000000 0.029078 0.000000 0.000000 0.000000 1.000000
-0.999995 0.003013 0.000000 0.023295 -0.003013 -0.999995 0.000000 2.988883 0.000000 0.000000 1.000000 0.029078 0.000000 0.000000 0.000000 1.000000
-0.997143 -0.075535 0.000000 0.023295 0.075535 -0.997143 0.000000 2.988883 0.000000 0.000000 1.000000 0.029078 0.000000 0.000000 0.000000 1.000000
-0.988094 -0.153854 0.000000 0.023295 0.153854 -0.988094 0.000000 2.988883 0.000000 0.000000 1.000000 0.029078 0.000000 0.000000 0.000000 1.000000
-0.972860 -0.231393 0.000000 0.023295 0.231393 -0.972860 0.000000 2.988883 0.000000 0.000000 1.000000 0.029078 0.000000 0.000000 0.000000 1.000000
-0.951514 -0.307606 0.000000 0.023295 0.307606 -0.951514 0.000000 2.988883 0.000000 0.000000 1.000000 0.029078 0.000000 0.000000 0.000000 1.000000
-0.924183 -0.381951 0.000000 0.023295 0.381951 -0.924183 0.000000 2.988883 0.000000 0.000000 1.000000 0.029078 0.000000 0.000000 0.000000 1.000000
-0.891050 -0.453905 0.000000 0.023295 0.453905 -0.891050 0.000000 2.988883 0.000000 0.000000 1.000000 0.029078 0.000000 0.000000 0.000000 1.000000
-0.852354 -0.522965 0.000000 0.023295 0.522965 -0.852354 0.000000 2.988883 0.000000 0.000000 1.000000 0.029078 0.000000 0.000000 0.000000 1.000000
-0.808382 -0.588658 0.000000 0.023295 0.588658 -0.808382 0.000000 2.988883 0.000000 0.000000 1.000000 0.029078 0.000000 0.000000 0.000000 1.000000
-0.759470 -0.650542 0.000000 0.023295 0.650542 -0.759470 0.000000 2.988883 0.000000 0.000000 1.000000 0.029078 0.000000 0.000000 0.000000 1.000000
-0.705995 -0.708217 0.000000 0.023295 0.708217 -0.705995 0.000000 2.988883 0.000000 0.000000 1.000000 0.029078 0.000000 0.000000 0.000000 1.000000
-0.648373 -0.761323 0.000000 0.023295 0.761323 -0.648373 0.000000 2.988883 0.000000 0.000000 1.000000 0.029078 0.000000 0.000000 0.000000 1.000000
-0.587050 -0.809551 0.000000 0.023295 0.809551 -0.587050 0.000000 2.988883 0.000000 0.000000 1.000000 0.029078 0.000000 0.000000 0.000000 1.000000
-0.522500 -0.852639 0.000000 0.023295 0.852639 -0.522500 0.000000 2.988883 0.000000 0.000000 1.000000 0.029078 0.000000 0.000000 0.000000 1.000000
-0.455217 -0.890380 0.000000 0.023295 0.890380 -0.455217 0.000000 2.988883 0.000000 0.000000 1.000000 0.029078 0.000000 0.000000 0.000000 1.000000
-0.385709 -0.922621 0.000000 0.023295 0.922621 -0.385709 0.000000 2.988883 0.000000 0.000000 1.000000 0.029078 0.000000 0.000000 0.000000 1.000000
-0.314489 -0.949261 0.000000 0.023295 0.949261 -0.314489 0.000000 2.988883 0.000000 0.000000 1.000000 0.029078 0.000000 0.000000 0.000000 1.000000
-0.242073 -0.970258 0.000000 0.023295 0.970258 -0.242073 0.000000 2.988883 0.000000 0.000000 1.000000 0.029078 0.000000 0.000000 0.000000 1.000000
-0.168970 -0.985621 0.000000 0.023295 0.985621 -0.168970 0.000000 2.988883 0.000000 0.000000 1.000000 0.029078 0.000000 0.000000 0.000000 1.000000
-0.095681 -0.995412 0.000000 0.023295 0.995412 -0.095681 0.000000 2.988883 0.000000 0.000000 1.000000 0.029078 0.000000 0.000000 0.000000 1.000000
-0.022687 -0.999743 0.000000 0.023295 0.999743 -0.022687 0.000000 2.988883 0.000000 0.000000 1.000000 0.029078 0.000000 0.000000 0.000000 1.000000
0.049554 -0.998771 0.000000 0.023295 0.998771 0.049554 0.000000 2.988883 0.000000 0.000000 1.000000 0.029078 0.000000 0.000000 0.000000 1.000000
0.120607 -0.992700 0.000000 0.023295 0.992700 0.120607 0.000000 2.988883 0.000000 0.000000 1.000000 0.029078 0.000000 0.000000 0.000000 1.000000
0.190070 -0.981771 0.000000 0.023295 0.981771 0.190070 0.000000 2.988883 0.000000 0.000000 1.000000 0.029078 0.000000 0.000000 0.000000 1.000000
0.257576 -0.966258 0.000000 0.023295 0.966258 0.257576 0.000000 2.988883 0.000000 0.000000 1.000000 0.029078 0.000000 0.000000 0.000000 1.000000
0.322794 -0.946469 0.000000 0.023295 0.946469 0.322794 0.000000 2.988883 0.000000 0.000000 1.000000 0.029078 0.000000 0.000000 0.000000 1.000000
0.385432 -0.922736 0.000000 0.023295 0.922736 0.385432 0.000000 2.988883 0.000000 0.000000 1.000000 0.029078 0.000000 0.000000 0.000000 1.000000
0.445240 -0.895411 0.000000 0.023295 0.895411 0.445240 0.000000 2.988883 0.000000 0.000000 1.000000 0.029078 0.000000 0.000000 0.000000 1.000000
0.502009 -0.864862 0.000000 0.023295 0.864862 0.502009 0.000000 2.988883 0.000000 0.000000 1.000000 0.029078 0.000000 0.000000 0.000000 1.000000
0.555572 -0.831468 0.000003 0.023295 0.831468 0.555572 -0.000002 2.988883 0.000000 0.000003 1.000000 0.029078 0.000000 0.000000 0.000000 1.000000
0.605803 -0.795614 0.000010 0.023295 0.795614 0.605803 -0.000008 2.988883 0.000000 0.000013 1.000000 0.029078 0.000000 0.000000 0.000000 1.000000
0.652618 -0.757687 0.000022 0.023295 0.757687 0.652618 -0.000019 2.988883 -0.000000 0.000029 1.000000 0.029078 0.000000 0.000000 0.000000 1.000000
0.695970 -0.718071 0.000036 0.023295 0.718071 0.695970 -0.000035 2.988883 -0.000000 0.000050 1.000000 0.029078 0.000000 0.000000 0.000000 1.000000
0.735851 -0.677144 0.000052 0.023295 0.677144 0.735851 -0.000056 2.988883 -0.000000 0.000076 1.000000 0.029078 0.000000 0.000000 0.000000 1.000000
0.772287 -0.635274 0.000068 0.023295 0.635274 0.772287 -0.000082 2.988883 0.000000 0.000107 1.000000 0.029078 0.000000 0.000000 0.000000 1.000000
0.805337 -0.592817 0.000084 0.023295 0.592817 0.805337 -0.000114 2.988883 -0.000000 0.000141 1.000000 0.029078 0.000000 0.000000 0.000000 1.000000
0.835089 -0.550114 0.000099 0.023295 0.550114 0.835089 -0.000150 2.988883 -0.000000 0.000180 1.000000 0.029078 0.000000 0.000000 0.000000 1.000000
0.861658 -0.507489 0.000112 0.023295 0.507489 0.861658 -0.000190 2.988883 -0.000000 0.000221 1.000000 0.029078 0.000000 0.000000 0.000000 1.000000
0.885182 -0.465245 0.000123 0.023295 0.465245 0.885182 -0.000234 2.988883 -0.000000 0.000265 1.000000 0.029078 0.000000 0.000000 0.000000 1.000000
0.905818 -0.423668 0.000132 0.023295 0.423668 0.905818 -0.000282 2.988883 -0.000000 0.000311 1.000000 0.029078 0.000000 0.000000 0.000000 1.000000
0.923740 -0.383021 0.000137 0.023295 0.383021 0.923740 -0.000331 2.988883 -0.000000 0.000359 1.000000 0.029078 0.000000 0.000000 0.000000 1.000000
0.939135 -0.343548 0.000140 0.023295 0.343548 0.939135 -0.000383 2.988883 0.000000 0.000408 1.000000 0.029078 0.000000 0.000000 0.000000 1.000000
0.952202 -0.305470 0.000140 0.023295 0.305470 0.952202 -0.000435 2.988883 0.000000 0.000457 1.000000 0.029078 0.000000 0.000000 0.000000 1.000000
0.963143 -0.268989 0.000136 0.023295 0.268989 0.963143 -0.000488 2.988883 0.000000 0.000507 1.000000 0.029078 0.000000 0.000000 0.000000 1.000000
0.972168 -0.234285 0.000130 0.023295 0.234285 0.972168 -0.000541 2.988883 0.000000 0.000557 1.000000 0.029078 0.000000 0.000000 0.000000 1.000000
0.979484 -0.201523 0.000122 0.023295 0.201523 0.979484 -0.000593 2.988883 0.000000 0.000606 1.000000 0.029078 0.000000 0.000000 0.000000 1.000000
0.985298 -0.170847 0.000112 0.023295 0.170847 0.985297 -0.000644 2.988883 0.000000 0.000653 1.000000 0.029078 0.000000 0.000000 0.000000 1.000000
0.989811 -0.142387 0.000100 0.023295 0.142387 0.989811 -0.000692 2.988883 -0.000000 0.000699 1.000000 0.029078 0.000000 0.000000 0.000000 1.000000
0.993219 -0.116257 0.000086 0.023295 0.116257 0.993219 -0.000738 2.988883 0.000000 0.000743 1.000000 0.029078 0.000000 0.000000 0.000000 1.000000
0.995707 -0.092560 0.000073 0.023295 0.092560 0.995707 -0.000781 2.988883 0.000000 0.000785 1.000000 0.029078 0.000000 0.000000 0.000000 1.000000
0.997449 -0.071388 0.000059 0.023295 0.071388 0.997448 -0.000821 2.988883 0.000000 0.000823 1.000000 0.029078 0.000000 0.000000 0.000000 1.000000
0.998604 -0.052822 0.000045 0.023295 0.052822 0.998604 -0.000856 2.988883 0.000000 0.000858 1.000000 0.029078 0.000000 0.000000 0.000000 1.000000
0.999318 -0.036935 0.000033 0.023295 0.036935 0.999317 -0.000888 2.988883 0.000000 0.000888 1.000000 0.029078 0.000000 0.000000 0.000000 1.000000
0.999717 -0.023799 0.000022 0.023295 0.023799 0.999716 -0.000914 2.988883 -0.000000 0.000914 1.000000 0.029078 0.000000 0.000000 0.000000 1.000000
0.999909 -0.013476 0.000013 0.023295 0.013476 0.999909 -0.000935 2.988883 0.000000 0.000935 1.000000 0.029078 0.000000 0.000000 0.000000 1.000000
0.999982 -0.006029 0.000006 0.023295 0.006029 0.999981 -0.000951 2.988883 0.000000 0.000951 1.000000 0.029078 0.000000 0.000000 0.000000 1.000000
0.999999 -0.001517 0.000001 0.023295 0.001517 0.999998 -0.000961 2.988883 0.000000 0.000961 1.000000 0.029078 0.000000 0.000000 0.000000 1.000000
1.000000 -0.000000 0.000000 0.023295 0.000000 1.000000 -0.000964 2.988883 -0.000000 0.000964 1.000000 0.029078 0.000000 0.000000 0.000000 1.000000</float_array><technique_common><accessor source="#pCone1-Matrix-animation-output-transform-array" count="120" stride="16"><param type="float4x4"/></accessor></technique_common></source><source id="pCone1-Interpolations"><Name_array id="pCone1-Interpolations-array" count="120">
 LINEAR LINEAR LINEAR LINEAR LINEAR LINEAR LINEAR LINEAR LINEAR LINEAR LINEAR
LINEAR LINEAR LINEAR LINEAR LINEAR LINEAR LINEAR LINEAR LINEAR LINEAR LINEAR LINEAR
LINEAR LINEAR LINEAR LINEAR LINEAR LINEAR LINEAR LINEAR LINEAR LINEAR LINEAR LINEAR
LINEAR LINEAR LINEAR LINEAR LINEAR LINEAR LINEAR LINEAR LINEAR LINEAR LINEAR LINEAR
LINEAR LINEAR LINEAR LINEAR LINEAR LINEAR LINEAR LINEAR LINEAR LINEAR LINEAR LINEAR
LINEAR LINEAR LINEAR LINEAR LINEAR LINEAR LINEAR LINEAR LINEAR LINEAR LINEAR LINEAR
LINEAR LINEAR LINEAR LINEAR LINEAR LINEAR LINEAR LINEAR LINEAR LINEAR LINEAR LINEAR
LINEAR LINEAR LINEAR LINEAR LINEAR LINEAR LINEAR LINEAR LINEAR LINEAR LINEAR LINEAR
LINEAR LINEAR LINEAR LINEAR LINEAR LINEAR LINEAR LINEAR LINEAR LINEAR LINEAR LINEAR
LINEAR LINEAR LINEAR LINEAR LINEAR LINEAR LINEAR LINEAR LINEAR LINEAR LINEAR LINEAR
LINEAR</Name_array><technique_common><accessor source="#pCone1-Interpolations-array" count="120"><param type="name"/></accessor></technique_common></source><sampler id="pCone1-Matrix-animation-transform"><input semantic="INPUT" source="#pCone1-Matrix-animation-input"/><input semantic="OUTPUT" source="#pCone1-Matrix-animation-output-transform"/><input semantic="INTERPOLATION" source="#pCone1-Interpolations"/></sampler><channel source="#pCone1-Matrix-animation-transform" target="pCone1/matrix"/></animation><animation><source id="pCone1-visibility-animation-input"><float_array id="pCone1-visibility-animation-input-array" count="5">

0.041667 1.291667 2.500000 3.791667 5.000000</float_array><technique_common><accessor source="#pCone1-visibility-animation-input-array" count="5"><param name="TIME" type="float"/></accessor></technique_common></source><source id="pCone1-visibility-animation-output"><float_array id="pCone1-visibility-animation-output-array" count="5">

1.000000 1.000000 1.000000 1.000000 1.000000</float_array><technique_common><accessor source="#pCone1-visibility-animation-output-array" count="5"><param type="float"/></accessor></technique_common></source><source id="pCone1-visibility-animation-intan"><float_array id="pCone1-visibility-animation-intan-array" count="5">

0.000000 0.000000 0.000000 0.000000 0.000000</float_array><technique_common><accessor source="#pCone1-visibility-animation-intan-array" count="5"><param type="float"/></accessor></technique_common></source><source id="pCone1-visibility-animation-outtan"><float_array id="pCone1-visibility-animation-outtan-array" count="5">

0.000000 0.000000 0.000000 0.000000 0.000000</float_array><technique_common><accessor source="#pCone1-visibility-animation-outtan-array" count="5"><param type="float"/></accessor></technique_common></source><source id="pCone1-visibility-animation-interpolation"><Name_array id="pCone1-visibility-animation-interpolation-array" count="5">
 STEP STEP STEP STEP STEP</Name_array><technique_common><accessor source="#pCone1-visibility-animation-interpolation-array" count="5"><param type="name"/></accessor></technique_common></source><sampler id="pCone1-visibility-animation"><input semantic="INPUT" source="#pCone1-visibility-animation-input"/><input semantic="OUTPUT" source="#pCone1-visibility-animation-output"/><input semantic="IN_TANGENT" source="#pCone1-visibility-animation-intan"/><input semantic="OUT_TANGENT" source="#pCone1-visibility-animation-outtan"/><input semantic="INTERPOLATION" source="#pCone1-visibility-animation-interpolation"/></sampler><channel source="#pCone1-visibility-animation" target="pCone1/visibility"/></animation></animation>
  </library_animations>
  <library_visual_scenes>
    <visual_scene id="cone" name="cone">
      <node name="pCone1" id="pCone1" sid="pCone1"><matrix sid="matrix">1.000000 0.000000 0.000000 0.023295 0.000000 1.000000 0.000000 2.988883 0.000000 0.000000 1.000000 0.029078 0.000000 0.000000 0.000000 1.000000</matrix><instance_geometry url="#pCone1-lib"><bind_material><technique_common><instance_material symbol="lambert1" target="#lambert1"/></technique_common></bind_material></instance_geometry><extra><technique profile="FCOLLADA"><visibility>1.000000</visibility></technique></extra></node>
      <extra><technique profile="MAX3D"><frame_rate>24.000000</frame_rate></technique><technique profile="FCOLLADA"><start_time>0.041667</start_time><end_time>5.000000</end_time></technique></extra>
    </visual_scene>
  </library_visual_scenes>
  <scene>
    <instance_visual_scene url="#cone"></instance_visual_scene>
  </scene>
</COLLADA>
